12271
47929
19370
34652
855
21170
37924
23461
4255
22809
18758
12197
45539
5536
21990
35077
49685
37401
26082
626
1117
20947
4221
3088
27127
15494
24494
39231
13557
23107
5449
5176
17723
28747
26841
43688
43680
46182
34694
29136
47148
38719
40258
24970
18699
47932
13642
17709
16805
19493
41021
21512
17060
15242
99
26899
32778
19973
40776
48072
40165
3274
21210
48093
29447
40425
40673
33806
22264
19053
13004
31576
26330
43097
4885
8053
6461
12743
49493
49212
46515
2711
11926
7048
14091
15459
28471
36426
3450
4025
46733
36264
1257
28955
479
26791
2208
42209
4666
25049
35628
49612
14329
49192
49728
693
7271
41937
23340
22860
36955
1489
29600
12116
15246
2094
48553
24861
33308
4509
11997
36334
37723
37718
11903
41195
36166
24444
24633
32761
586
35618
4939
1799
28965
5742
32104
9711
13215
18968
16857
23813
39134
3297
37850
15110
49049
3616
37701
19085
25307
30051
28040
45269
13479
6039
25894
12773
35586
4218
23790
1847
33437
6396
37577
24842
16823
8198
26143
20829
11897
24547
14565
19107
48081
45662
48112
46060
43287
15709
9662
10321
27629
41247
45679
14108
33938
47968
16598
15598
10512
8688
26090
15843
40749
4707
1106
2511
44256
47715
6216
14113
41388
27452
30511
31617
39784
1557
1976
45027
24421
18112
48850
2770
24007
40748
35660
4592
37700
22073
46885
12529
16652
48083
35647
9836
43124
38453
10055
27736
23369
32024
32010
34940
11943
9316
1346
14639
29804
33250
11463
34515
42219
1806
22759
9172
22787
3622
12214
34776
43302
23057
31510
13158
29578
27207
32822
43061
9542
4158
16887
11390
40610
39468
40265
43386
7033
27591
6810
25467
46549
5512
7795
5699
9616
36494
22047
45279
46823
31350
40800
22590
25497
27630
6626
2373
8935
29647
25493
12298
35733
4392
3021
34765
8872
32530
42021
27227
29899
10122
27295
13165
48452
30522
26188
12057
19925
26324
28536
24068
15041
30613
21362
39050
6543
23180
30670
19849
18536
10643
46007
34290
38322
27546
2234
13661
40381
12646
27993
19342
6302
18661
34324
