33522
44741
47351
4516
33810
7886
12768
45845
28286
1828
31715
1879
48423
33193
10087
27109
45275
38969
20394
38960
33631
30802
14513
19774
30300
29291
44519
38892
11975
30375
37924
10226
15023
36168
41167
18037
28720
34524
36351
39522
15528
9656
9399
6901
33109
38130
18440
35283
17384
48489
4123
2356
42077
2394
35031
45074
36860
681
45004
47631
4147
8981
3714
36718
38566
9837
34044
26892
46369
48823
28837
32544
7036
17180
46877
49422
4787
27801
25005
6941
45616
21460
47186
46954
774
1423
20957
35058
14636
39361
33548
27335
5010
11145
24589
49821
46542
15108
379
38000
19654
11411
24309
198
19160
14701
39079
27939
34745
37108
47869
12433
18811
48833
14132
14252
28001
25144
6659
10385
14847
10807
34121
20544
35901
14493
32082
41604
9121
38640
4781
15822
30468
14487
11755
46553
14470
40411
12096
34381
46406
32668
46833
36939
49913
32488
40286
18168
25494
35622
33913
33022
45553
23073
26379
26004
46892
24983
30927
11023
7753
44770
32740
25251
46783
44814
49292
8911
18232
27349
23251
6377
355
9177
6872
16762
27432
12927
36282
2157
8799
11388
45566
37313
9898
41486
18966
36257
37182
17453
28123
47160
31574
3810
25884
32664
31867
1231
39373
10148
24060
47384
40496
11188
22886
37825
41974
31176
28922
42831
48628
16923
13506
21163
10622
7402
28984
33497
38334
12077
20910
5845
29518
1634
46077
22162
33021
8506
46837
8302
39374
21528
45541
2039
3093
17768
11529
36194
276
23371
4681
12251
46080
40407
40247
32053
47010
19292
32127
44181
20971
14010
20808
43116
40231
6224
33498
43873
1890
48026
25178
41340
44781
16328
26618
42676
34754
10518
48791
42951
36307
44129
11876
6482
629
37188
28838
26110
41913
10860
27397
43655
5472
17789
45693
33232
