36671
38869
47702
9055
18557
25677
47708
43727
47743
19657
14186
15790
36713
44526
37389
27187
27694
18863
23434
5893
31247
41772
30626
31032
35272
17302
21348
46936
5945
46477
24567
6105
19343
31289
22361
3351
3771
11069
3906
12881
29352
38974
10173
45487
45098
6479
11183
28997
34640
30164
45124
17210
28969
26196
35738
48876
48254
4807
10175
44946
29702
12193
34993
48218
22072
33977
38548
5103
33975
5985
22517
16915
48328
33329
33675
26758
4465
12653
9728
24831
21358
48113
10424
47248
7849
14555
32383
5884
34716
19768
7674
31249
27924
45401
43458
20005
30739
33134
40798
43762
6067
31665
24942
34580
21763
37268
24295
41004
46276
1914
35997
24915
28847
25038
39894
6686
13462
30099
13967
22851
2482
47111
33056
668
43164
48669
24949
11579
22551
22781
41311
24392
40531
7425
5765
39078
10017
14318
41194
47820
41919
24907
8980
35358
34148
45907
3021
21088
29543
38011
5979
30425
19880
13502
32476
33735
5444
10082
18663
46520
13701
12716
13862
26197
5894
22469
25961
27421
39567
22301
5719
49088
14286
11309
24049
16500
4638
36680
44036
20635
23229
36594
47058
40460
8592
17161
7349
2362
25589
35749
32436
20103
30649
408
28860
6926
47728
17595
47204
43790
48039
3642
27313
11417
22911
22236
16554
19555
19464
10927
33243
756
23125
40056
16194
48454
1046
27372
4450
2590
21246
4755
5554
31303
15080
31451
37534
33963
3008
34000
2500
26746
14227
20529
27851
43506
30058
6747
14929
26014
46795
78
37240
16707
23249
14401
10604
41731
8703
21621
37645
25214
7733
45982
22845
4522
32105
32790
25610
8603
15078
47920
18605
602
13567
11600
26805
28585
534
32497
26601
14680
41872
40896
43625
10720
44082
16035
1873
29520
1636
41272
29302
3290
41852
28759
2121
41850
7421
44609
31077
44646
35560
21077
24651
48349
4419
23997
27348
17259
49993
239
613
43304
35368
17864
6238
35469
2933
36429
3539
29104
47715
20425
19223
43878
44166
4816
29457
27000
42105
20740
18928
19124
46349
3619
48323
38930
14940
37894
28166
1445
12574
41545
27946
10707
3905
9364
30070
48220
2785
8059
22741
49753
26711
18145
5053
35225
7530
41641
26346
686
7488
28134
952
23027
44752
6953
14678
14009
292
49040
45225
1899
30130
16394
34441
15882
47132
21162
6125
32393
18607
38541
33013
5165
27823
17460
19610
36284
36252
47619
33523
22078
3393
6423
37722
21346
17120
24500
10598
25544
2584
16491
1432
12962
45543
34020
33503
34455
29451
13451
45030
6220
18239
40372
5086
43921
47805
768
20722
24195
16267
