21920
9067
15924
38283
32673
20693
30033
44224
34698
24442
10382
13009
40398
32669
39336
6974
47471
4743
22310
8527
41904
34805
748
34658
39448
25434
16912
46148
32398
37059
35942
46345
9136
32057
10721
3419
24518
30435
31264
10270
26165
22271
6699
9880
30308
23016
45614
40127
8606
28551
42118
44679
33815
41096
29585
39915
41740
35983
13817
46309
20833
4736
40849
49040
34123
4459
48449
49854
31985
46454
30692
30879
11481
19547
40728
49884
11261
23689
45690
20817
26193
11653
16740
49700
29683
14398
14048
36677
6128
41091
10455
269
30401
30267
40933
3904
13757
6081
27694
43560
10161
24095
4564
32589
6870
25560
29031
45572
46680
49031
16458
47281
36259
10774
33134
45774
16881
15307
31190
43594
2075
31966
1568
20689
26788
6501
32576
34219
23079
9780
4865
11924
167
20929
1649
22472
41104
26344
44671
39034
3216
34835
13502
29237
556
15062
49943
23111
33216
25624
44011
33737
15997
33013
16037
10671
10263
12791
23891
42565
47607
39818
33528
16500
33987
46927
27235
18870
12607
8503
4988
36665
3160
18056
43063
24888
26691
45946
42203
15035
43134
28552
31826
49549
47184
35787
31116
40607
10519
8639
43565
2037
6338
20980
45756
37082
46785
11808
1481
17814
48968
9159
42668
46067
36092
372
27308
28230
8835
25149
15277
37316
45551
11460
20159
17663
25775
11572
14790
30084
43420
1745
46822
9255
44494
39494
25851
34905
5781
27251
49032
28319
46610
11089
24945
36283
35715
36513
49531
48183
5819
12919
20853
17490
44521
40247
8471
49898
9335
10216
35755
922
17647
20900
28481
30230
7942
20937
26220
38078
13006
26215
124
34398
19882
35909
45115
29581
40576
19471
37171
15863
3305
24920
26557
31427
10048
31642
23582
6074
9437
4604
7376
20492
11714
10488
37795
26128
31894
48188
12747
1024
24638
29162
34267
41599
43331
32558
16415
19545
13980
27802
35189
43347
30122
803
16570
32115
30934
13392
28057
3034
3945
30260
30688
9422
28988
768
5836
36995
5474
18736
46198
31363
30694
49362
35962
14098
5273
16346
21241
43980
42213
13301
11039
7367
1355
12863
9712
27858
25108
32913
12437
5000
47400
28813
8134
49813
32261
16508
23469
40330
10734
43481
46038
25215
18522
32980
27930
40310
33185
16526
46684
14185
5013
49795
39392
28664
35366
38780
30908
4527
31227
1890
17003
49028
26398
3016
566
13655
2001
26380
4878
44512
771
28727
34527
41474
12955
16099
44443
26790
38720
28876
21225
41943
22583
24290
14800
17215
43172
19214
22545
48797
27460
16344
23836
2523
24635
30317
28109
23679
40950
38228
12245
30612
17162
34208
2674
19638
36341
5898
49446
41496
44855
25568
35286
14941
48644
47788
39489
1903
32720
31847
9519
1622
27717
37468
40390
44765
17039
14033
48868
38042
40300
21053
37895
11809
28324
7401
26343
3426
28050
11384
47820
22406
39491
6084
22046
49675
13451
34513
48879
2876
44033
35907
3013
26166
19497
20412
14225
30858
30716
