6997
17440
41216
16868
41689
17531
25221
32250
29778
16067
34883
35381
26214
46184
25361
49324
30407
41577
23291
9987
20657
9516
44777
16013
14799
3182
6188
35729
38376
46423
30104
1196
42721
38672
8472
1381
13681
44276
40509
5380
8161
35357
14645
21134
36262
35500
972
36316
40833
1598
24889
22870
8404
10192
14082
3855
39464
39990
14479
29554
42223
39485
47042
15878
47503
33469
25648
33902
12652
40458
27133
16668
31619
18795
49143
2854
22707
48969
359
29666
9117
42478
46013
15174
36184
6353
8647
13172
8455
24565
24819
20762
23237
45750
16213
33709
34037
18014
17137
9660
80
47586
835
3892
29383
9994
2023
28820
9758
44927
42840
1680
25749
3580
21035
6331
43417
10619
1428
10865
31301
10922
621
40256
10622
15087
36819
48714
40775
4742
17253
42535
3299
15749
47769
19713
18734
43157
4602
10715
32142
46417
45028
49405
17810
38829
27055
1641
38564
36317
32935
42032
3211
42779
28954
38674
16175
40291
5581
19478
42445
1706
1197
38528
10164
16756
29717
15751
12467
1104
4342
11491
46327
49320
31887
4538
103
3126
27423
48780
31047
43359
42985
33770
2069
37901
25631
31247
6233
40342
1412
44620
3978
14229
7925
32735
37447
46107
391
16243
38311
27813
39300
47101
4188
49956
11284
37833
44274
43919
39910
26249
12050
11159
2835
5405
33184
6734
1483
34056
8283
25701
37351
15866
46019
13989
33063
42408
25413
39175
11227
32957
47837
1813
47768
34168
27944
39819
44291
16320
12973
9601
15576
10229
34238
1878
33820
23560
4966
36865
14933
23875
40922
41668
28346
23705
12766
33085
13120
22031
28983
12238
19805
21208
36886
30517
27366
43837
35773
42456
31230
1408
16153
27981
5616
30101
3340
22438
34951
23588
22325
22304
22003
16268
21039
13157
46875
8652
5231
9659
4542
21145
43536
48768
42902
29216
30606
39678
480
9476
3969
29052
42914
2483
3381
4311
21408
35316
33636
29427
6368
24343
23064
14633
39409
48012
21903
15340
16675
40634
1323
22980
17978
14032
2751
38871
38119
13258
39942
6922
38265
24335
42883
26559
36143
46675
27225
21775
26825
24640
1452
10116
40739
24019
19006
42712
42220
38826
36037
2093
14970
39638
3885
12023
11430
7096
15707
45122
12666
30852
47513
11135
3320
10789
36465
16154
11113
30812
34873
11994
43322
49864
35777
27897
