5858
9049
26911
27854
23030
47104
48753
27999
3251
9371
31580
49411
23178
27405
9664
35363
5033
31585
24994
10225
22418
29841
40301
41624
15250
12898
39256
37782
6226
36987
41636
18242
4134
33018
13611
34500
29076
33957
6005
9554
28035
41386
34415
37690
28033
25802
10876
43355
48359
23568
14238
32348
14596
1364
47013
5042
9370
23443
22182
40067
6377
15586
917
9925
11483
4411
49601
10630
33383
18237
11877
26025
21588
25053
46338
33448
16949
21195
29921
26879
22829
21682
8185
19487
27000
30507
48891
36953
17239
43189
18886
6281
48432
18500
48633
48795
33009
45177
31176
36840
39438
26184
14128
22750
41796
17665
17404
27520
10613
48185
44467
19685
1461
25202
32288
6070
14640
34263
30490
45932
41836
45813
27644
1048
39442
37769
31798
1676
28936
21442
8500
27513
39263
39691
11262
45852
24699
27762
26026
13422
38014
30266
29501
12530
42541
49223
22081
31056
938
39039
45980
8905
21267
28475
20652
16777
22900
16572
21147
17602
13778
16352
43644
5690
31344
18139
6336
43870
47610
12251
40559
1343
22515
20460
4139
12850
56
39343
21456
14481
3639
35714
1191
31282
347
45784
19424
21400
45492
41984
3116
13870
42650
26097
9947
24968
48934
1421
5770
15083
29609
9695
389
33435
30857
22730
38962
31199
26194
40657
44120
41302
2964
13529
24661
22204
46591
8113
39935
26583
18061
27044
20431
24313
2485
29937
38412
21501
42866
7430
43031
10136
47816
47560
12276
28753
27974
3802
26590
35140
36199
9839
22026
6894
4832
27881
5838
17646
31258
39261
27992
45438
5026
5475
25625
436
19860
43144
43269
41783
42874
49512
2827
24858
40613
120
23637
34310
15099
6700
43179
11543
33037
35376
10931
1108
45043
21457
23530
27223
38679
44751
40735
33814
13721
19534
24993
