47108
8648
17509
27960
43439
49270
10337
45558
2401
48948
6839
37656
20054
29792
19768
31793
27882
45971
45743
34643
2015
6620
6468
8011
26530
3435
5683
33819
4136
40490
25697
22191
27597
25692
14187
20339
31226
32626
1767
22827
16391
13305
42864
44505
15453
49874
10397
33542
41314
20975
1474
7896
3316
46740
27532
46837
8541
45418
39523
28956
6242
49901
2926
43504
25836
12026
32102
4332
45284
4700
23653
12326
10040
27919
20794
3428
48596
5467
33238
1761
47673
34654
14810
19783
38367
17205
40977
26890
45441
17326
44717
44814
14223
12673
21654
27656
2221
22849
2604
44327
7319
16302
13986
23650
13468
46049
26897
48376
9252
22582
43280
28271
28659
10541
11356
23134
2476
35846
1219
3051
26477
18709
22703
13565
34605
38081
5342
48439
2131
17465
5879
49239
17527
7253
21122
31721
27861
26891
41445
38271
38725
43642
11584
24132
15920
19929
4131
47912
5485
30587
27348
10117
44680
48224
27383
43772
40281
23401
36338
1988
30215
13226
42338
11315
32258
25610
20455
17455
5381
29067
13249
28559
38908
49236
49258
6583
9197
885
34420
39599
3566
5759
35441
37706
4293
15466
23524
47337
48307
48931
39487
8445
10123
