33500
32301
5278
16962
39355
29664
10511
26176
13796
24225
44214
23685
31931
39886
24619
29173
38080
41056
41225
20605
9426
11758
11127
19593
32895
33754
10617
45782
45583
49012
14141
11961
3797
26527
47153
30063
24437
9494
12532
16071
43860
6360
49190
16833
37232
21353
44853
11628
47567
35927
34362
42615
10030
22230
6117
10799
19480
21606
1396
758
25927
19196
30017
44820
28733
592
33444
9580
20457
36562
3796
7288
43071
35519
34824
31861
44195
33223
37208
36622
20202
48587
3076
22175
25376
31484
36661
32753
38686
14864
10158
18104
28775
25660
2886
14667
15816
6567
10219
19392
45123
12502
18688
20156
49188
41596
38796
9663
20608
26472
33584
4730
3058
39218
45496
26360
49676
15934
5814
11629
6113
25282
23695
26395
4923
5663
4381
3162
1467
28637
31869
41603
10533
31026
31971
27650
47448
29635
49569
47150
17444
18117
32213
9889
30660
8552
47554
9978
44468
33222
33672
28236
42037
9716
16125
35217
45883
5125
48551
19250
9639
368
25309
21910
4629
1565
1526
20574
34616
40251
41795
1261
38694
20874
41418
32830
1616
21205
19806
993
10846
668
12934
14273
34521
32461
27559
8236
