47007
46987
9407
24054
11960
3271
17529
13562
29785
45795
44058
20287
42750
4291
10948
33100
10755
38788
11219
5571
11129
22733
18624
40724
43741
47602
30060
201
23101
856
7600
39586
37545
46036
23641
12111
43066
19099
42660
28670
30426
45042
7951
13312
48488
8050
36934
18259
14869
32612
19654
1795
45653
32309
17877
17425
45700
49403
15409
3753
41545
41630
33607
25000
8436
33445
37319
24327
36855
7260
29587
36414
19448
25962
6366
25867
20979
8512
32933
41986
29628
26329
33147
20569
32045
5999
19703
47595
146
48294
12783
29075
34183
12461
32216
37469
19211
45703
34033
11567
47024
29784
7250
27667
42713
10796
30315
7862
32446
16517
12254
24162
46711
39526
46047
25869
39772
34381
39749
49115
22314
26276
35282
42561
22077
29518
28756
37105
49972
34073
19532
46692
27087
17093
33267
19944
13968
26706
20915
18793
33475
9879
17494
3424
10246
39923
9786
42859
10606
9989
14659
8008
7622
8335
742
5598
38276
28640
18
9331
21240
10213
42424
29386
17937
15247
14916
9416
17610
35709
35756
36812
23330
47868
23920
49736
24502
44046
45053
44383
36643
37857
13607
8625
43491
47921
13830
38555
15448
5118
25954
32512
24537
7205
46914
8583
18627
19888
30071
49452
10571
22470
8051
15421
37960
26379
22385
31789
29405
33952
25193
2563
35943
8524
47592
11783
3827
18120
2865
2629
35011
33390
1591
44334
9833
32538
7564
26234
41440
4729
15009
7880
6023
22882
39918
48828
15739
47490
37651
5065
19824
527
49109
35049
992
40967
43542
18882
37868
4840
40180
29662
433
4917
63
43653
16354
699
32033
7092
25845
3339
32291
38428
27417
49625
28256
44118
12914
9878
29759
49861
48295
28930
3650
14158
46705
13296
3928
31828
33398
37699
42741
15994
1334
22246
14900
26008
19310
39211
35398
40656
31520
19127
21614
33352
48827
26015
42942
25728
46053
39492
23692
10561
3403
40072
7289
24501
40601
38782
32400
46918
8830
3507
43935
15868
14496
30436
28734
14579
18247
25758
23104
11075
8181
31740
4552
29541
17063
32178
41635
25937
4468
35489
49116
13382
43315
673
44931
40652
36679
16900
40789
42136
35616
20406
10746
44029
23285
16440
34915
34008
27351
47935
35750
32077
18119
40653
20836
46499
21342
44264
22944
3276
1320
10308
30183
6684
19274
4300
3189
5873
12456
36795
5105
30189
32676
19717
45723
12240
28361
15296
34807
24722
26714
6944
27367
12852
8785
3561
46834
30822
3469
1837
21933
34031
17225
1176
8250
23962
25326
6374
25895
31182
33989
8007
25909
28911
4340
12277
30263
48412
21500
9292
38501
42036
36428
33367
15879
43613
34007
15054
23907
6111
49068
33264
28646
4475
1944
3594
48270
26716
8003
8284
12343
3263
29214
6262
9045
45790
40871
14173
2613
7626
13972
11046
29381
21814
13243
41993
27477
23639
49857
28344
36086
37505
13480
10178
28233
33828
12423
44049
5543
34097
48448
28391
38278
43407
9378
7195
47043
22065
17699
38038
26647
45432
303
29948
33557
27241
47269
43373
49475
6317
3010
34081
44127
47341
14971
18839
42041
36633
16851
37905
8603
13907
2122
25804
31009
31904
34198
27947
14975
36908
32319
33534
25486
17598
36430
34756
26466
2084
21445
5935
13335
19817
22527
40534
16631
28674
30965
34321
17936
22060
28147
5478
32750
42844
208
26800
34093
360
680
10979
45031
29926
23212
14542
46058
10092
13166
44226
41569
25318
49953
14892
41905
6015
17820
28668
22394
10277
41877
36144
11469
24331
33971
2158
23736
31054
19145
7998
39650
38261
49459
8693
26869
43843
10328
32698
48011
20060
44177
35309
28755
40905
16349
14537
49823
994
25118
38216
17018
48704
47026
49767
46820
41261
40984
4533
36671
16348
22145
38060
34771
42174
44207
24532
44780
3336
3590
19491
28371
23816
4683
14652
11989
21404
12093
8920
30961
21728
12264
49478
9391
22348
22420
6531
49657
13665
1023
30748
36806
46622
21161
3209
13626
38206
1376
22738
24614
7761
36132
25981
42676
44816
9741
46770
686
39764
46902
518
15669
48136
48333
8731
47411
18209
2663
15023
27049
35632
28781
13803
35610
3000
2321
19574
34410
11539
39932
29055
37753
49886
48317
39774
26523
5579
48988
4575
810
9730
26121
22968
17806
31201
29678
5744
1546
14600
26582
24358
14654
29827
15888
48601
49245
9174
39146
10835
10165
22096
12368
7206
17624
25287
24254
18737
49407
36420
23562
49030
13931
8022
13460
37307
43920
32896
24626
15775
49391
43948
14418
4117
33104
43901
20275
25972
4314
40039
9675
30336
1365
6473
19628
28857
