3330
30575
39375
15219
25590
26869
6782
14327
3374
39159
24496
33252
23806
36507
33596
10407
20932
45888
40081
871
9023
33087
19537
46446
16798
42660
49838
6408
30905
42835
15851
11124
22009
38978
44388
9881
14063
41920
29169
15554
29353
2476
47968
32925
26435
14535
22866
9658
37644
28340
21696
36340
7493
20745
22762
25239
17248
30423
26797
11898
20248
20775
12979
5527
12672
33946
13179
29179
36822
13648
27686
44344
13790
5929
35075
24091
262
29164
24415
11926
2840
10637
42681
27311
20988
30172
33853
39216
36244
24555
42790
7663
30950
39275
22191
33260
32853
27081
32945
40746
29599
25213
27655
22888
29626
38060
19230
32042
27898
893
42005
27579
4744
22801
15636
15230
1452
31086
38076
24138
28249
8257
5442
43682
25857
34547
42139
41673
45130
571
23745
27597
9891
16230
1812
30355
38736
32279
36327
19211
4742
5888
36996
19465
25935
31450
31525
26970
7938
6819
34412
10393
25314
35295
12259
35100
37289
487
1304
35848
45969
35682
24648
13228
48199
45039
49019
40579
29051
16132
45314
12955
7974
32260
14790
8952
17335
38437
4763
31780
7063
9070
23574
26778
