32808
37058
39537
595
1575
16697
33441
6077
41590
46014
8568
28096
15825
20085
22156
49485
32614
39660
7084
10688
41514
42913
37791
27633
4959
21608
4795
34391
45779
35364
43541
31857
23065
423
28662
25022
10584
7717
11666
45265
3338
11536
6397
17693
48089
24195
39341
17969
49331
41102
7736
37647
34879
15337
42634
18739
43820
41608
33142
892
46461
10459
35229
17355
7312
27047
25541
25821
26696
20584
2988
12015
34631
24904
42659
16361
4573
4930
29288
26046
30135
38913
47395
24670
5365
21957
35402
30664
44393
23873
46221
16905
12718
32502
6859
911
19636
24870
12676
42240
7989
23238
17368
48998
24577
19705
34606
358
31695
43672
32628
29070
41731
30420
30381
25830
4935
38303
13539
31603
15627
43930
7358
17074
6112
20996
4955
24426
38400
47257
1230
13428
20352
16180
39755
47970
14421
38051
9158
3111
17248
19102
27797
24672
38468
40685
18048
1750
10969
5525
31307
11343
41763
27050
32525
11471
46688
31512
18106
18283
19255
29340
2863
34841
12717
35399
20932
4401
20936
43419
13225
10061
12932
11657
825
33646
6536
12178
32135
32486
20822
15481
49148
15537
27661
27491
12274
24377
19776
45683
29739
38509
17077
15372
437
35736
24141
3463
14104
41784
35881
29756
9778
38995
39821
17461
15612
13906
44719
48897
24036
32360
5444
18610
11913
21893
35044
11641
7676
7877
5211
23014
581
31915
42227
48774
32578
44232
27202
42235
35203
20450
26537
20130
19506
48422
21139
11690
18578
8883
141
41201
32927
27373
16342
14616
31849
34016
15837
15166
2441
49668
6744
2427
23048
7138
44054
37528
707
18448
29651
37771
8960
2884
35550
17383
4667
24449
35194
42214
23479
36099
11779
43278
29663
23659
30764
27266
1534
35439
34892
109
35501
23100
35426
24794
18860
26510
38123
48692
7461
27528
27374
15548
23505
10163
48824
33623
36783
19248
26263
17302
3961
3062
13896
36882
37767
42968
42388
26177
34
2851
33025
20213
42980
302
13481
1417
36853
41752
26844
25628
9384
43728
35225
2253
49018
196
17384
10510
10954
32910
4675
14767
13927
2543
18913
10293
22608
34590
18976
49067
37499
30077
10131
27118
4860
16720
1336
24009
45397
33060
18878
39623
16590
13962
42683
34275
25469
21423
17837
26816
24342
32454
7151
14252
18794
9448
37933
28780
31702
19455
8499
32586
965
40948
5466
2459
43563
35369
26564
3677
24749
42794
19008
26779
40173
47379
7268
9818
19872
32886
48723
28702
48229
29281
5955
49889
37149
48259
26934
37292
19205
11552
8573
31744
46081
48463
17902
7620
29556
36060
23323
13257
39111
5164
22751
8217
21611
49401
21636
45899
36145
27522
28268
2132
32597
19191
35262
31087
48133
17097
25652
18783
41306
2909
3988
22549
21358
44730
4446
5861
39380
30861
24745
15544
11380
35693
33532
6541
32906
36082
37170
2808
7262
9938
31224
746
49763
40216
490
15341
32304
45348
12900
20920
38894
43241
18201
43687
9553
17735
27318
32857
39061
16781
24590
31147
28440
31246
