33046
16185
12429
47832
17947
49499
47127
47114
31754
41155
6999
17157
27957
16661
7517
29148
21876
39567
42046
44734
23485
37349
18998
48067
38312
17922
28257
17301
35890
30322
24658
35807
23740
30208
32561
29187
39574
19082
44961
17270
40917
10409
39697
19765
3310
45230
30391
9004
23966
12267
48996
12187
37309
7900
13923
22555
26876
19956
20433
3259
37236
28595
32784
14820
6408
22621
17233
13333
12417
30516
8949
2579
7165
47359
21550
23729
8401
35915
27094
23573
22668
35434
11662
25069
30835
23500
28992
39602
35414
4243
5432
38882
8581
10692
44091
44612
36191
41163
33650
6861
3959
47556
45770
2797
22878
36945
26412
49003
40456
33273
48037
15977
1577
11612
32431
30837
12204
18175
27468
6680
6825
10065
41461
26735
47926
22425
23061
35608
21857
49421
43207
34330
45231
18462
27870
47214
2360
37916
36072
567
28764
24573
7697
45424
20752
30595
30002
42414
5094
8610
30712
25504
40464
21084
23989
10245
47913
36961
5437
16628
33473
4929
23020
8458
15365
110
41561
23081
37475
45565
15394
10413
18089
39505
23205
42960
24080
37946
7364
30589
48675
11959
37594
14013
42806
6142
15621
20672
10347
49650
29800
4168
4758
14536
43313
10706
49842
28087
4692
15108
48499
35875
27996
2248
47777
48852
48915
20535
33419
23297
27518
31829
41794
24947
35982
33171
6637
34933
21344
38802
38043
25926
10850
26502
35512
29128
40038
24884
12403
3611
41999
31613
45434
46866
4357
3107
27435
12484
48036
34327
8067
32254
17692
1514
16511
41373
46648
26105
5893
28234
13926
34968
17306
10907
43622
7861
23831
13711
4807
2508
38687
17010
32093
18768
23773
1194
4915
29912
48416
13109
10319
26878
32401
32923
41109
15752
33405
8735
37097
2806
18556
7316
38855
25424
6486
26526
6161
17706
48655
40249
46432
5018
22938
38857
39532
2765
36735
29596
38696
26489
21628
39455
12299
1792
26989
18141
34337
16810
32568
35047
37294
38065
42598
6230
18531
48056
15664
44325
17391
38869
14272
35291
43026
49147
7609
45161
15143
10167
29251
33997
6644
49309
28732
47412
2532
40175
41061
27149
30220
46511
16468
36346
21230
14953
26217
47282
47689
46870
6526
34474
30225
28336
45926
37209
6711
36331
45287
8593
29124
31460
29131
15897
12491
35395
10700
36803
17113
22124
38668
27123
952
36810
26226
15558
40416
30993
9309
49587
22094
6638
10749
46608
29013
13456
30338
17174
27733
13230
34492
25216
49349
18331
18796
4752
23269
13092
5678
48391
9562
4333
4249
23447
24841
13261
27097
25983
49315
33504
20323
20376
39860
34957
22822
9198
1552
42537
4264
23042
13631
27093
10186
14625
39301
36360
29675
42536
23540
18442
29175
35323
34730
