17402
38231
47910
44370
10297
25694
7935
5156
13433
10328
13771
3902
31835
1367
20959
21148
2337
9712
38665
14500
46091
13766
12042
6879
12863
29415
41864
28096
23467
26625
9042
5879
42190
5959
37881
13837
43725
30177
23490
6690
1948
13528
23546
6444
6245
12999
45496
44455
47036
33256
24957
21238
24072
40854
20479
43468
23163
906
39265
5498
41268
26114
33743
39684
47756
38099
43076
41591
1569
28148
41899
18978
8766
28576
10950
17606
49590
12178
35621
10597
41459
21132
47462
45552
15448
33454
22967
49139
15304
17406
35370
2822
2806
13883
42282
2612
34404
10289
2276
32207
40035
14955
47426
36031
28836
39071
20303
22965
25867
16718
23205
2479
13535
11221
49066
41108
48659
23106
35769
28085
12645
21191
18957
32670
23157
19398
35607
27041
13305
28392
14919
2644
34236
39498
12207
24420
19057
9488
12062
28829
28163
21664
10190
39771
24391
12875
28385
12902
20949
41099
12952
37582
8128
22002
23818
36724
14667
26833
16692
10831
24552
13871
46891
4103
42217
14728
46692
29422
48688
14842
43407
8953
17296
30071
2611
3987
3964
22939
9556
11413
16429
49418
15326
20074
11570
41814
43649
42466
14057
25019
43523
21838
29180
12926
22350
26978
3211
5674
44071
36186
32643
39774
29341
31547
39051
13940
9900
21230
642
9725
49640
2749
25021
43745
47966
37548
14413
27257
2469
40051
34055
23246
22048
9608
17907
30139
31760
36701
1159
9232
999
9763
22394
48110
3091
47701
25882
26876
36851
2062
24308
5654
31998
27797
46624
34543
8178
10014
39089
35935
15878
45511
13817
26763
5852
10365
40079
13995
38759
18692
3265
38839
4809
6310
25292
1571
37086
12782
40509
26245
17325
46842
35451
30812
27913
33943
17266
19742
23424
40514
69
10135
3787
7576
45924
13569
24194
11991
7569
29003
17295
42025
19143
30973
16933
20439
36274
36304
25523
28341
42328
4328
7756
16201
44950
29565
49237
13785
22592
28688
36401
15261
38526
42001
31604
49519
9372
21952
20972
1883
30689
16353
14326
43619
27889
18414
40546
6850
1392
28223
31783
40774
21258
31856
23108
46037
20468
7780
40842
10415
24261
32140
36057
15380
30313
7636
13703
38340
37456
40533
35319
32134
6162
10567
44084
22479
33418
49663
9181
44307
31694
13307
27291
26406
1694
38602
40503
8737
45072
29392
32886
25718
27029
47136
1962
30027
33922
35233
22197
44513
40346
16870
34951
5782
45040
26848
34792
14051
4
41402
37812
1804
31489
10526
26211
8361
1156
17963
33734
46772
15430
32358
