33635
26296
17423
10973
27594
10739
249
34170
47336
47580
40229
38506
25995
27708
39101
38383
34118
4515
44032
8127
41972
32495
26129
11931
35185
27493
40653
43129
13408
2254
12609
39972
20563
6955
11676
13178
25768
48744
48340
47638
21737
39112
11996
41106
11039
6104
8936
36176
33873
17640
39220
48630
5323
48082
10147
48018
42418
21172
31870
40999
40351
21291
38534
1924
16684
30480
20386
11146
35376
2349
47014
8026
11897
24582
36706
49395
32667
12587
37591
37098
15442
49561
45539
14892
20813
27115
27450
39016
42786
19044
25792
4827
4019
8055
17649
24208
25588
44477
12456
10798
39697
33793
27714
11240
22220
4394
7710
42914
35244
28125
29356
23733
32401
47508
25761
17858
27169
25874
28040
41137
5972
31583
15929
9699
47399
11769
147
6817
882
36582
11921
24892
28707
46574
18270
14481
32362
46836
13888
18625
27966
2653
23582
45044
823
42718
32958
708
25060
14952
46806
42085
9666
24305
23759
20933
31254
41006
22206
6647
18603
49713
20540
38622
23814
25123
1574
23300
36656
28963
29331
5575
32962
33253
39129
20375
2798
14411
31027
41125
15855
43362
44908
46839
10750
16792
16103
36888
356
26675
8736
35640
2902
46990
5950
32481
43645
46658
2708
10290
39942
49537
48508
48764
1943
8843
16947
36354
27281
10994
40260
48483
321
23801
41527
47645
4006
15586
132
28866
4232
20874
3237
29028
43251
1519
47973
35992
35337
35519
14068
28468
8994
16001
32221
47914
3204
39187
39241
36165
40332
27255
48682
46613
47489
26688
6262
34215
46013
16117
19858
15308
39920
2267
10239
24857
45976
33337
32262
22341
18034
41191
22386
21073
31974
48492
46978
33956
47811
21717
31359
17949
18843
24040
13263
18241
5511
15117
8439
22380
35708
45061
2245
44930
20573
5727
23933
15057
12137
1058
4029
48685
11547
36488
35327
4904
22747
18513
15852
13156
13903
30523
10243
4663
26963
4536
15413
47505
26180
7061
28127
12420
6581
7286
2816
14005
6529
10357
25001
41252
7725
8627
9827
43939
12151
45788
31403
11722
49423
47093
13158
41440
32191
3852
27687
42889
29050
31863
34015
31663
19623
41615
40861
19036
43563
14942
38981
25462
39357
36021
13419
47967
10504
21639
1239
32128
21884
22278
26579
19932
28175
25147
3550
46015
7473
38189
15937
39484
11170
41303
2680
46270
49718
39427
14864
38928
13222
45199
11241
20995
21700
45623
12690
11307
14856
22754
11687
24981
35726
25565
47646
23466
39158
28363
39337
41243
33756
12953
22157
17264
22260
18819
6208
42032
28031
34051
30268
11728
25047
479
25945
39519
8338
44172
29426
40679
24386
28672
42515
1176
10532
28676
30695
4581
46004
5473
2424
35731
23083
38972
8010
5443
36879
1551
10788
47982
32736
36552
41944
41248
39430
10784
25349
40588
7468
47104
42639
8259
8694
21438
31064
40271
41611
39955
20648
42926
14510
41196
29695
29110
28686
45983
25102
37172
49684
47035
37711
49943
8656
8804
41238
28262
11120
48443
270
47558
24282
18831
17327
15001
3589
31623
26037
47898
40482
44675
14989
10006
8708
4662
38804
32337
