672
35940
8112
24007
12165
41412
47938
32508
13189
25520
13984
32421
12457
28476
26311
28251
29389
22458
24989
39444
38639
41983
5084
31216
27218
11791
37610
26843
4293
21192
23767
47732
6452
21375
14408
23760
28533
5282
16180
43844
14612
7980
11568
45217
48777
33159
5734
34800
13370
33936
14276
39459
24161
39528
42119
11211
33586
40807
30601
21556
15199
21490
42066
42336
6175
24408
23964
377
508
30861
29312
22871
35222
30980
18013
29092
7298
3882
16898
15385
14275
11050
45175
32986
34480
44606
10440
7795
34033
46849
19216
25380
46750
8942
7175
14463
28015
34247
4380
23025
14107
25129
37706
21964
17717
1235
41292
20139
4107
39226
16314
23896
14430
13668
5070
32304
6596
20539
42035
38177
48408
42846
44258
1245
2451
35198
39490
38818
18327
30816
37405
11301
21389
22333
25109
14239
29745
1823
40094
45292
20891
7415
21840
12421
24074
35484
34239
30363
17414
15628
18781
27367
38344
39741
16446
38941
10543
34252
18196
3992
27132
10590
28988
22025
45010
15641
16199
32687
32724
45597
40324
22124
27285
31902
19920
4691
36943
24732
46715
48718
2855
35322
1252
14299
35565
19806
29681
40932
4457
15148
29721
48111
25309
47167
14995
9592
44043
16380
714
11673
6778
33916
26977
9637
9273
21554
37163
3205
887
46407
32097
2141
42982
15396
24321
46
31904
1114
48050
5302
49996
22306
36348
4734
17202
41085
36782
16112
21734
47219
24382
27300
35230
30686
26290
28086
18210
15277
44078
29667
22580
42003
46129
46350
4249
6514
1500
4493
28181
677
30560
31941
15686
38925
18741
9467
17233
18643
46329
33189
33166
48280
43203
49306
25016
35979
1229
27034
39657
42633
3352
32608
21029
13949
3479
20519
33560
40625
6486
3986
7826
36134
19840
30101
27855
4885
46087
7597
2047
2836
1862
1397
1599
31213
8051
45095
12865
15406
43125
38183
12407
28000
39880
2823
31500
24716
38244
30515
16423
4682
4081
18795
15721
20311
28709
14128
9542
40069
7776
19174
22921
30651
810
25488
43337
21182
4713
41020
39809
4375
37154
16178
10172
9927
23470
36602
35145
15537
32062
49075
45064
25972
29896
20231
31986
28383
39870
26102
31434
21911
1013
20174
10958
39144
2068
26442
27949
49738
41333
6827
5364
6852
12626
31695
32875
32034
18411
49740
4620
40837
37385
433
27785
12647
36271
14060
36510
26264
13077
17378
20326
10505
25853
36566
21406
971
48370
36907
3383
49453
38102
40244
1993
39452
28159
20922
38257
3470
43280
33291
12339
1369
7631
15227
8299
3201
34439
7768
22465
1926
41551
14018
18553
31093
33203
38765
13576
15453
21893
34060
23063
38692
