3837
4185
48319
12963
19026
4401
28204
7842
8020
16730
10708
2914
49134
28307
38411
28850
6776
18642
735
7797
33376
4822
49156
29101
23057
908
6612
13715
2508
23543
1047
18840
25533
3149
6732
49341
197
26202
33353
44866
43973
39758
23456
30244
39323
23709
8056
34814
3185
39035
37162
15201
36024
47259
37257
20824
9105
20220
13739
24477
8337
20247
10119
11459
42110
13630
28441
40050
1806
16911
8661
29086
1172
46543
38466
23317
44230
47584
49532
27876
19053
18494
13981
45232
19320
22574
18027
2854
42576
49006
20134
37698
45118
43283
39186
48936
49847
15127
46028
14296
23407
1868
28801
11981
30581
26539
5493
13954
49082
11260
38410
2009
36068
45619
21264
34428
12601
35741
3516
39443
10821
736
34763
15926
12401
19981
49233
43741
22538
43126
27735
44981
45376
17258
26504
27228
16355
37372
13239
106
1527
34635
28193
18133
12212
24461
43297
10250
16670
25293
14402
39081
6561
25978
6119
45046
6072
30870
36201
38178
48009
38786
26537
18756
21599
27360
10485
7888
42805
5353
21429
41911
48618
8400
11352
48813
8431
25189
6386
4349
15052
37324
20878
45751
45635
26906
39057
48602
7271
5162
30199
29008
39553
37790
10627
16145
26485
7593
28871
47283
11109
3269
15539
29417
45127
5886
32289
43415
7840
31896
19072
13563
1771
773
43330
11223
7021
19780
45970
37614
47788
18705
33382
41818
7254
27622
23867
45825
36618
31455
3355
33880
27997
43360
21296
5052
27019
10438
43734
13647
5440
41336
45327
19362
49330
9873
15424
42230
14916
46852
18661
33889
26770
32851
12818
11950
17137
9561
40241
25569
1
17590
11504
47818
47656
28805
29827
15281
49181
42758
31564
1012
38635
402
38788
44263
9548
34444
49611
12448
18855
37042
19228
31354
16028
34217
42256
38693
9801
15195
34676
22560
38717
11812
20451
27489
44207
34023
39696
40953
18854
36394
46019
33363
19707
33157
33657
47958
6303
11563
7137
3397
23347
11694
31252
48968
17639
7067
14549
7407
47486
26390
43279
3959
28285
2895
47892
43545
8723
31129
13250
48845
17908
32415
35536
38140
16803
7998
34433
41343
20305
19573
1987
23655
14437
43209
21096
22270
36960
14918
21412
717
10265
15297
43507
21757
30197
30341
37963
2516
29900
5446
14425
27536
5300
16817
16437
3940
19102
45516
21971
47365
5016
45991
730
41801
44131
42973
8696
16563
38002
41425
35346
31532
10425
7188
35811
28540
3517
36750
43261
39736
19471
17428
41698
10285
36910
46056
39588
39476
34393
19040
17994
14439
42116
19911
17581
17195
22985
42526
17681
10501
7999
282
30236
42128
