35440
36965
34882
31814
35433
12871
45010
29009
31772
48764
3675
13762
6258
9874
15389
47753
41121
31352
15046
18034
38427
23034
34059
49542
14918
20177
21286
24394
29111
14868
27017
38844
28499
31593
49274
1017
5911
47923
47745
421
12154
29478
21232
27064
26821
24981
36499
47507
7338
47958
34609
47027
3218
48657
25650
36361
9559
18529
41129
13015
21190
19220
4926
47451
20147
31174
21388
33981
29608
33361
48174
13686
29690
43003
17830
27329
37497
1947
21932
15716
35081
15821
31231
20365
34099
27273
3555
16506
15984
11310
3844
12265
35993
8805
37461
8623
3443
5068
1948
49957
21891
18855
48763
30127
34242
15156
16845
11110
9183
31724
36687
21710
11286
49613
11635
24781
22149
2091
41676
48498
13244
16226
24783
25605
23487
4810
47278
19035
8102
31881
6456
17502
35380
9743
16989
47424
37943
33539
15676
20890
39118
19198
30019
31807
15786
5805
22715
47717
40333
20336
20950
8911
9126
3951
35986
19745
805
12829
29970
4877
48857
32803
41503
10860
22155
49457
691
30415
29809
22005
22340
27258
22287
9194
11571
24458
39564
44835
40474
19982
48445
13182
33043
31784
25045
46887
13756
33393
26987
10647
8919
14803
32893
18468
43928
1747
32
14522
49203
17463
14945
48285
38747
2594
45717
21844
24734
10187
23663
10496
18984
37661
20346
28182
20444
41402
12459
22677
34615
44273
4584
39320
46479
21116
34063
1834
12969
21437
29866
4004
48346
28135
34057
49927
5305
36251
28749
20680
19738
41773
15200
13623
19559
35576
19236
15639
45943
29994
2277
14186
19256
28675
27922
21295
47272
41818
41985
31715
36279
32931
16178
40558
43094
3875
46793
39132
21964
17957
24880
12739
10114
16488
48758
9847
46061
20868
5034
23407
34206
45776
37068
21242
42520
27703
13667
10173
38207
27070
42664
39082
11611
27144
1007
3898
32442
47792
29671
22983
39072
985
35931
17319
14504
36682
21869
16368
3607
720
26507
21479
30820
47342
48702
46742
37911
12066
23188
43628
2167
45931
47797
284
30035
22813
15999
11772
34229
12338
14162
36509
49576
4579
11142
7975
21167
49305
31989
8634
42486
27978
20503
8142
23557
26926
2472
41505
43326
48557
15947
19309
30133
14192
7281
14058
26957
2168
30864
45266
45893
9313
16410
45762
35005
21340
47386
22478
28537
21858
18757
39803
15455
37121
20170
15718
22299
33624
12353
20496
35640
416
19043
43550
2350
46224
5746
34663
38705
5126
36930
43259
25704
14155
26980
21152
5348
9173
43744
14718
49688
129
12022
24908
10585
37659
26270
31000
39458
18193
26990
7887
31340
34451
4452
19851
4841
22782
30383
14714
35623
17516
2631
47236
4864
17125
21774
46073
10421
31973
49831
29401
27987
14856
14240
18255
45732
5
38656
14768
1226
33766
38252
27833
26211
37355
25101
18966
24728
29227
10153
36233
7397
20637
15491
38986
7782
47966
36586
10929
5779
10851
38179
13824
820
36569
17373
10503
22625
1915
20705
48685
3436
12286
7297
14534
30369
3309
33150
32991
5622
39725
5902
4973
35431
36160
9855
8149
19433
20086
2083
4921
16278
7160
48589
25592
35995
34853
9746
37226
31446
25982
46228
26365
16709
30912
27339
25044
35109
25412
28681
16202
28263
7254
44320
19215
28589
47509
49566
18231
3333
42998
28284
37109
45094
10742
44550
22174
11762
5889
21033
9750
39346
11533
16497
44449
25726
6437
4808
8566
10182
34893
11294
11325
18511
11811
11708
37694
35099
49356
19190
9455
5917
22120
30844
786
33946
36599
35533
34583
4121
28241
39751
32208
24568
8506
19983
16486
8378
37586
28900
15606
41729
38905
49462
28515
5335
15293
19223
35250
38005
11624
1440
31579
39393
32053
33392
44432
26327
16891
