20740
40404
34326
6717
18466
45343
41167
39230
20218
690
17237
15985
5037
40465
45194
255
15034
40328
11098
29564
33903
4848
22240
46128
19380
16293
12708
41658
19861
16866
4057
8734
23490
35437
11870
9696
20322
3481
46219
14675
28067
2516
17412
45174
4911
29534
9783
6907
46826
12764
5927
6064
7426
42524
8804
16464
26522
10489
46225
7780
4577
33765
34530
38701
1149
7996
7163
39467
17171
24960
16904
20295
46496
7560
18535
6920
9434
28043
9881
33901
17530
27187
30270
5050
26598
49558
17677
6564
14285
28818
22080
47267
12208
34917
41455
42480
12370
13031
11122
11633
13897
22158
23542
30814
31890
27550
15077
45585
46485
21424
8323
45225
25274
35234
48791
23958
21566
44193
46082
36931
14300
47544
8387
6936
44406
15464
39160
19764
1602
40233
4620
7487
42708
5883
8923
26574
2465
15446
27680
46565
18727
49985
46542
17948
29356
47900
41918
21607
32634
36261
28493
30053
32868
22893
19160
17046
6786
22631
36131
44903
14922
31198
11311
43618
8551
38110
43271
10393
45669
26296
33019
44770
25715
18813
19691
25567
49979
47293
46657
22485
2951
17375
47518
34830
38268
24823
38472
49055
48906
2491
2769
30562
45316
48424
41495
2535
49410
8228
26475
41073
23283
43719
16357
16678
26167
5163
32223
38266
34207
10502
21066
36471
15534
25968
29869
9495
7992
49885
47862
43874
19095
12275
13229
40508
5048
41597
20587
9381
13442
41616
31854
32802
26396
47566
13657
22042
28768
19708
27844
25530
16208
27326
32606
3286
12742
30775
1475
13060
13691
3202
18418
27422
27246
23642
12918
39705
45370
47435
23617
12451
1039
43005
22562
7245
47069
24150
44639
20112
27302
29276
18203
19340
8646
28742
24545
10569
32058
39315
15183
24669
14286
2735
7923
7072
15776
5887
39360
25098
14643
9557
11672
30374
39370
23837
7035
22803
26822
48624
6917
33822
14178
20556
17296
17261
44686
750
38259
29182
41914
41898
13310
32604
47686
26622
11771
48734
24654
1190
44651
26664
23744
39154
11671
46737
7010
28469
44293
35639
34867
1924
11602
5549
32954
1981
15257
12439
22740
43285
8696
32916
45911
33108
17056
18324
25757
44626
29092
43683
23832
10583
14172
6472
4443
29714
8489
5847
28407
40171
6743
7437
49678
30488
23842
8833
27394
43212
1132
2022
7029
4198
30766
41885
28618
20484
34211
44579
34799
49815
36595
25923
33219
40428
41259
17634
2725
19445
27640
48064
49653
1569
28432
12950
10067
