4315
34221
35405
42421
44637
20463
48541
9625
40566
8214
37348
27014
41246
41092
42686
17761
37996
18674
25743
38560
46705
47207
15415
33661
2204
47703
49594
31577
49265
3557
46109
33689
1045
43096
8821
21280
23485
29486
46458
47213
41148
35378
22303
24851
28548
39642
43829
19577
32190
15905
32987
38760
19104
12123
17938
11288
32045
43044
40386
27555
32842
34067
30311
12181
48120
115
12598
25901
12236
49844
35314
46157
32243
2005
7434
43160
48714
8974
48909
11008
40826
7906
14431
35696
22658
29470
42218
32762
38465
12430
35299
804
45779
37067
7141
16134
21634
28484
16564
38879
32517
18020
26749
30939
7683
8146
39732
26291
41897
17806
15613
40032
25531
45600
47961
48595
6856
41537
26721
23812
28274
25664
28761
32160
37891
7693
11437
2637
33707
48006
27543
35551
40316
34795
17213
44885
40425
33281
40043
31884
3947
2501
24522
17634
41128
47682
19686
31581
1107
43580
23400
13302
45893
367
47606
15161
40276
49875
48725
8137
7714
5733
26
32879
19812
43339
3044
43163
40024
3327
25181
42809
11298
40720
13070
28207
5986
7867
45203
17576
27865
44495
14137
42962
6222
31437
35967
11887
26330
32854
40707
33759
21209
44994
13006
10932
27011
38004
22791
21241
37588
44992
24466
4576
34816
38683
13540
34326
2970
2170
19407
17226
8429
13046
15553
49801
40308
16555
15695
28589
36714
33319
191
17849
32880
21071
40158
44650
23127
21585
145
25607
17403
37939
15184
30087
26425
1677
15975
15798
26090
45197
44151
46487
32813
19361
26104
6943
16051
7129
32801
14753
540
15727
35571
14372
41843
36928
47717
42196
23625
40071
16789
39956
38339
2051
22913
1406
14016
29894
5307
38273
21337
21138
36157
2997
20066
25228
30353
49273
21277
13416
48953
35350
18104
38514
23929
34378
5804
425
40399
28298
17114
46084
41681
47041
18446
29623
10808
5187
49750
43851
26422
7240
25830
28905
39786
21953
21347
7479
29922
23905
11948
8824
36245
5923
18223
2408
26991
17094
12710
13652
38774
7299
28515
23526
38134
28391
22058
20441
9695
35012
31112
21917
46926
20042
21218
6829
15428
25997
43698
41414
42638
23766
32641
6264
38171
14542
12934
49440
40522
3466
18431
89
13745
5193
34339
5004
27045
9755
10181
28650
9998
415
34479
40091
3573
8326
31241
309
31627
34459
40118
23623
37562
16594
40986
46805
34100
15912
13286
12698
21462
44751
36092
16167
46324
31028
46742
203
48478
21504
34429
27089
26607
31963
23365
36800
42976
1060
45935
33996
33558
26054
11670
6837
30831
13227
32921
35475
31957
26733
15700
24387
36229
48612
39171
14898
16674
14181
1250
29116
2898
20885
47442
23734
5747
12238
24328
2709
23912
24558
23903
26953
44644
26322
40895
30659
46124
47258
32717
42795
