48797
3499
39007
23966
14171
2770
34200
3756
20125
2574
47911
21535
16333
37959
30504
33514
18261
8025
30847
26237
25662
28808
21286
33601
5976
3113
25067
10394
23349
37883
27706
42395
25149
9402
40840
9343
38697
8202
18631
27868
25
40525
3793
35948
2016
1876
16961
9829
34291
16089
7344
25681
5618
34599
17520
23641
34876
20306
37120
4005
13267
25320
30421
1904
49398
36842
39365
20371
26824
35796
18559
29245
22183
36857
9284
31141
18041
43561
27382
37733
16742
28992
13328
6181
852
25029
27219
21203
40771
42878
18457
20388
9897
17944
46298
6100
32649
40083
25500
32005
44834
10444
1738
9421
38226
23333
25764
44475
46885
37260
45385
22895
190
25888
39235
25749
34892
37168
41288
31261
30845
15791
109
29303
30285
20168
27157
27339
48972
36237
2474
35127
47185
3816
25697
17029
37148
15909
31996
16062
23667
35541
13118
37629
27223
46748
16141
12283
34346
41293
48109
41737
32378
9841
37149
12809
36138
15999
212
45191
14449
17928
31824
1438
48715
26238
28440
3213
19922
43857
48760
25600
3521
17416
47341
48214
37071
29738
21814
12190
8080
27792
8646
37728
721
33520
9959
32406
32694
26803
43145
18937
42079
18501
41270
134
6684
47216
12538
31323
16983
15128
36386
17436
1277
23149
17943
16975
10706
14828
29873
22814
35374
23449
3746
16122
30232
17054
42731
33456
47218
23223
30855
104
27174
45112
9726
37393
10810
47402
2001
43264
17328
47970
43371
7499
43910
15660
29467
35724
48898
846
8135
49248
45703
2498
36104
32548
46478
10330
38832
11680
24617
12896
12807
42012
13720
34421
20582
11051
15266
23112
40212
15783
47031
38828
9184
38156
30893
33928
15840
44671
28431
38503
35881
40373
42525
1303
12772
25055
24845
46281
19323
3885
15531
22175
41936
1195
37738
37833
17625
28880
15438
8441
15322
3436
24884
12754
48511
40672
1181
41353
24291
4291
16974
41013
2175
44899
40799
11004
5641
49064
6816
11399
14838
17211
42076
724
967
47698
25740
44371
25930
28412
48690
20257
20936
10645
11963
41583
38838
32636
40930
10435
8989
31829
9735
28669
5168
38959
35312
4898
33544
44261
43788
31836
29181
29919
20658
32965
19237
23830
40173
14645
48801
19475
17383
5800
8866
21941
4277
32284
11378
9807
10315
33685
33877
18769
25514
29818
38850
43259
48538
36242
27459
6094
40701
39760
43134
12829
37892
36850
3315
45372
43136
18178
24256
1478
8856
28173
16877
11788
8575
25765
16519
48315
9215
20236
7204
13823
9513
36647
2622
33784
16317
