26031
8622
1631
23261
19702
395
40910
46825
44105
48989
32872
19098
45310
19732
39275
20659
6803
28522
14806
10676
9703
20445
12792
49156
1720
11255
6462
36103
46996
22342
42040
28222
29693
6762
28644
30178
4744
4824
19304
14587
33458
32265
41766
17951
36611
42120
27120
32519
17329
45547
3344
10145
23138
3681
32173
17850
9078
13358
16503
9460
28509
47151
1642
26005
34027
19901
27269
37608
25324
24262
47373
48504
29961
289
8933
30999
47070
11440
21106
34757
34809
15113
47950
21313
33133
23168
33284
16798
19194
44899
7790
1107
12763
39982
43701
10082
21714
49085
2570
20648
27663
49038
20995
37585
47583
32903
32849
41956
46388
6424
875
9080
3511
21497
49539
28736
3583
2376
47744
26573
42619
5969
27157
28597
34106
38075
12985
26383
22695
13200
15215
40219
39029
45537
26852
42418
1360
46894
39994
46401
36335
33297
33266
4642
647
8411
4478
11273
42200
42654
2347
46983
20581
45616
33279
327
27361
6788
32490
22278
22802
2494
30013
18458
12748
25244
29680
16802
27925
19148
10371
3970
473
15865
45131
25934
30021
8691
2259
37124
18328
29909
29798
4984
64
21156
29198
224
37589
40659
37120
14634
28534
42435
3069
19653
17088
19009
5638
4615
10391
39698
6398
10401
34672
4863
7907
42173
20438
19264
4691
39499
7796
14072
48914
33077
1262
8474
11379
12469
19591
30198
23629
45618
28840
28195
38992
33978
23662
42743
248
18289
49586
27067
25354
7090
41013
21806
26119
2775
6797
41879
37202
20678
13723
28972
19617
20555
10384
14361
37519
26708
20239
33647
29295
17194
43756
24085
14807
38462
20245
19696
46269
14519
49077
30103
500
13470
44805
2627
43461
14594
36028
22932
49997
24569
16719
35281
37438
38952
29097
8580
32056
16390
2695
16745
17019
44237
31024
27155
26010
9844
10377
39162
24297
525
13472
20780
36301
41706
22592
31696
8153
12110
48429
48034
23755
12165
39527
46262
5586
25236
