30975
49907
25181
5024
4906
43937
20173
29904
5107
29000
12434
38642
26832
14962
4815
17369
41980
23749
23044
17054
37500
13976
34535
22546
14746
31751
30287
8372
11470
27492
21007
44720
29045
29910
30199
36912
16069
45969
36130
37620
20707
44297
8516
13704
12930
12939
11033
26999
32002
4932
21600
17840
4276
2359
5023
49574
23829
868
37909
27972
46349
36775
34418
4651
23055
2840
923
49897
43497
9196
44519
47003
27811
33757
2702
32785
38539
12938
4322
34077
25271
30321
42822
45412
17799
20051
30561
36268
45861
7652
31515
8485
36883
30195
20540
24078
34442
35840
19352
14381
5534
6330
14825
22618
44480
16375
46337
27524
47055
43796
41865
25083
7611
11855
48582
13770
17053
29463
44423
31896
36505
2690
13818
2618
24070
48107
478
44627
44998
24298
39959
31733
37518
15145
42673
7873
43513
47872
23303
48600
47955
43614
23767
23213
2719
35173
28309
21840
20729
39183
11625
8687
24724
22313
27794
39591
18419
10936
35139
42293
30434
33061
3155
49168
18212
9404
46526
15581
28435
42807
12234
25907
14023
1940
35938
12972
28406
45947
11993
23078
23090
29612
29624
38728
29806
6761
27626
617
19341
19375
21304
