48795
23431
36145
42929
31181
44819
760
2720
13565
7300
10458
10926
12635
46434
33125
17239
7864
10032
11387
22154
365
49679
49837
1800
34614
46480
25254
45847
43990
49465
36686
455
35332
29535
42609
2271
17578
42602
11651
27297
5927
48537
19494
42907
14271
23706
13947
22159
21216
45761
40500
11115
29386
47359
35438
49845
39939
5835
11564
30486
34114
24985
22326
40295
16620
29909
46111
27244
688
14823
16279
18408
44964
44986
21598
26854
6715
40710
46745
16725
33952
33220
21945
34848
25783
566
17427
19310
9952
36361
19563
7451
42209
19928
5825
42817
27960
33780
12903
7383
5475
22026
1504
25757
20412
28754
33844
27317
44657
12037
23051
37744
34637
877
38055
10499
40592
11220
22943
47143
31435
16662
21180
11669
30396
9223
30076
26285
40432
11155
36899
28777
43676
16530
38607
3415
9176
28694
28770
29406
37828
34256
40075
47603
49683
8745
9195
37480
16910
9969
6396
42511
250
21914
42500
25948
5061
19521
39052
16305
29301
7428
37068
32085
40689
1497
45898
2605
22923
42692
32878
1947
30330
41851
14591
15355
722
31493
22358
30711
6870
15901
17484
5046
3057
10345
34863
34135
43344
5914
48336
42464
30336
8101
48476
13960
43404
5273
5486
46245
31394
5399
3031
29214
8416
8777
3937
46881
40695
23245
40831
25865
8665
16368
4826
30040
14198
11715
11824
21794
27746
47815
39614
14926
33797
10880
48255
16824
22453
45032
13471
7463
21849
2568
24187
35491
9381
31003
32824
4778
482
38143
9022
1377
26361
7233
1581
27200
24550
33016
36738
1651
47531
30867
43235
43003
16197
43650
12113
9746
12467
47280
19415
29318
22988
41569
11899
1300
35557
24656
6246
8284
20163
44662
21643
9323
45879
41888
5915
44262
38485
45729
33579
37719
26029
39489
2223
15449
33655
45901
9838
36018
10294
38707
21608
5821
13681
24544
24749
22042
43997
39891
17070
39391
14896
31526
5640
22619
1276
12187
17730
2441
43930
7828
47511
28314
10347
45756
36060
30963
6049
13927
33563
