29217
49570
12899
27001
41
48155
41780
38726
22335
4120
40184
9748
20843
10495
49053
3691
28332
10745
37195
25236
31953
11838
43849
20899
139
8872
34086
10320
21419
5085
18453
32327
15616
25966
31778
10908
14579
39006
23436
7868
42129
48994
7961
37003
40615
27103
5772
25773
42344
7561
12980
9802
48920
49501
19747
11423
48320
39833
4774
48598
5703
18354
30962
25777
7069
6438
14332
40550
1364
24683
31484
41014
15158
5268
40630
35367
17437
10626
33033
780
5091
25844
34564
24265
26235
27817
4257
41760
38304
46364
27588
26744
18598
12720
23562
14729
16281
11258
43778
13341
26849
14093
3134
27983
25356
19669
13889
45317
44499
44498
48523
37392
3632
14878
4263
20679
16155
20762
36818
22000
14819
29321
44762
6266
41614
2056
41043
44763
8320
24812
34073
8602
19722
13601
36588
939
4475
49816
39629
32726
20747
49868
8721
48086
49613
35899
13978
43487
25568
42056
8668
35933
26776
32438
45285
25187
42267
6088
41775
30182
23747
3501
34598
47530
16941
14639
17525
30439
15152
1726
25196
38271
45628
9551
1448
1744
31199
15030
16784
4173
29503
36674
44567
9230
6047
46673
47997
15711
26515
24003
5178
11179
42289
45504
29007
23920
16249
10467
25598
25964
35275
21530
11507
46592
10056
45318
32120
6205
47674
26775
36993
13327
15260
4150
41122
19268
18541
49448
6570
37105
45311
21234
31823
38811
46956
44449
34332
10940
36295
35759
32182
22309
35740
13689
32784
25259
28205
2638
22163
46753
1121
45980
7261
19890
20301
8402
8099
31554
33201
29119
5576
35243
31891
22061
26371
35794
2664
31421
49836
14110
31177
13789
2915
17589
46595
16124
20683
885
47980
47543
48728
2625
31657
25485
13661
7353
22645
20903
40510
7397
45964
31744
9094
12360
45680
26853
33751
13983
16375
45697
13638
35241
42327
7891
46502
5098
4538
45545
8873
27107
15596
34204
526
43917
20561
6399
24575
47085
34506
1829
43378
15896
43817
44238
36339
5780
15548
12747
24605
4016
14429
29075
25431
7964
43730
1562
1683
35045
5131
5452
658
5009
23260
4250
28532
30376
47303
28229
25943
31404
28976
28469
3073
44850
25742
44485
3247
3649
40891
48474
48852
332
20424
27171
43598
49345
5819
37925
3593
11126
22670
48379
33805
16004
24360
44496
42585
20017
3561
193
17795
38378
1688
48856
21383
28682
16195
18970
11340
4285
48633
732
2513
49100
48322
27969
5265
29220
8213
17903
6014
37798
49185
37723
33191
20661
23509
29034
6097
34991
32449
45390
43029
41540
13010
41808
19639
19792
49253
27668
3243
30437
38442
44092
7443
1906
27492
1629
8403
41710
17169
19777
30526
29684
28287
44375
27538
31338
4752
36877
35245
15953
11037
23607
26636
33536
5436
13870
20052
6802
19935
13596
4174
13778
8261
15002
14815
21755
10816
44159
22286
5803
24686
19382
36359
49951
26134
33428
29019
28913
20512
37001
42478
48210
29772
14658
44457
19944
1455
22936
8195
30910
23699
34364
49852
19865
26248
34186
47935
47197
17527
16603
5297
29421
35226
10961
19826
34398
33987
19273
18600
4359
20046
