18174
44077
28270
36935
41466
26871
31232
38107
5978
23884
15011
7300
35695
22933
28953
23288
5394
1280
4946
15248
10517
35041
46193
33148
48120
25085
35092
15181
3498
24386
19899
1590
36294
6991
32054
15620
7292
36545
8638
2062
42765
39404
11871
46853
42392
32920
20767
21787
21991
21593
27890
13065
44139
42570
16762
37836
15965
37788
18197
41722
11047
10445
36045
34866
10621
49691
39528
42447
4686
32140
30041
31417
47305
7953
42503
8556
13719
33805
27193
25914
25437
31473
16194
43466
19728
28977
32513
48226
47873
38811
8441
6586
28926
162
15318
15049
19180
10662
32295
23711
18315
11101
36757
39400
16374
406
45170
32232
37667
22403
38673
24543
6752
32474
6372
38813
45588
31195
12649
45698
13527
17429
562
34831
15766
28219
12664
28420
37812
3396
5148
1081
23274
1969
23840
49006
34356
16771
8875
43339
24015
3056
16920
8854
25978
24240
7633
42505
3488
34715
14302
28047
27100
4324
38448
42047
1785
2331
10396
39605
8463
7866
16931
23678
6133
24628
44914
42518
44125
30702
35869
24455
2426
26352
45022
6413
959
44571
1204
24478
43677
14330
12665
13635
20633
42554
47319
19499
14303
19779
42936
32890
20435
7208
36470
26672
26163
15219
25582
6057
22779
24616
13937
34620
12369
33662
3397
15431
26836
14168
18080
43791
2112
10157
3195
1171
30124
26734
44636
14392
33276
5772
12958
28334
21432
37150
4441
15600
17166
25386
1941
41529
46379
38374
16682
42343
12675
29958
5661
20465
46457
7722
21832
43451
28631
38040
34232
38399
10056
37775
47355
1515
23388
10726
46439
12847
9356
5623
4811
35818
34718
29971
8046
42397
9083
45356
20315
35820
48250
10824
49338
14518
7184
17201
15679
38852
47302
13849
43811
2327
10310
32382
41580
37605
37513
28516
47290
30784
26508
46386
19327
28909
16571
31906
34042
31090
22405
28113
37822
43538
41113
29435
47780
3665
957
47677
27463
11239
17152
36203
24323
32483
38026
17504
11397
13784
16214
45766
25545
35338
6394
21428
27581
43546
17130
49838
12997
45979
45135
40287
7000
32390
7207
20192
33531
42986
49912
37328
22000
4621
7273
15818
43197
9350
8232
9
5803
24472
48725
37617
35469
47757
44067
13887
9333
42810
33538
14938
1468
24450
47549
35633
47298
9540
31025
31014
3422
33592
32263
28282
29347
4519
9012
18353
44103
45475
12562
9461
32342
48467
37282
3229
28428
24381
23643
25418
6246
3365
23486
4979
11578
39130
39761
46359
1044
10961
38431
10787
18146
27906
18764
14194
4950
24676
30518
38017
45913
5208
49791
8692
34234
14692
30390
19835
8557
34840
43456
15244
45807
24274
43940
34376
24511
3941
20048
26702
21817
32946
16279
1301
46546
47779
4886
13173
7530
25296
15736
5087
31750
16806
31330
41655
45484
17009
44122
24351
28396
28317
38150
39540
29342
47475
45751
4213
43042
40720
25516
22421
49448
32330
12308
10142
20104
44072
26534
30054
12612
5702
16003
48935
18325
37415
24312
23438
30145
16701
6481
40128
7685
12173
34837
17787
46852
15523
39208
10329
4211
13064
41173
28858
42710
35168
31494
27883
35646
3431
39113
38385
40640
35317
3030
48656
4854
30310
46589
24159
39498
21452
15793
22773
40707
6557
23255
11282
39064
22148
5785
49159
47578
29473
20133
38195
38533
27769
48608
45573
18227
37562
43426
39472
5868
5150
7980
24718
14729
22428
17547
22140
17213
36919
44732
21112
597
46673
6599
21203
15761
37724
33164
31806
33121
23537
1052
42903
49017
8256
43429
30244
3901
19880
46187
15473
18238
16973
1267
35181
36847
28360
9757
5080
17204
12821
16928
3314
18002
16716
49092
40732
12410
49543
49598
22630
18123
7664
5855
15196
22743
46507
27850
13866
31450
30470
26392
49217
17469
47992
2367
3232
11669
43403
44428
36120
2810
34592
31573
11720
4740
9684
14182
34629
13355
30640
34181
18916
36204
30079
39253
20301
21415
9487
6430
