30851
37177
10199
32569
5334
8035
5397
679
32100
32546
24758
22487
18144
20200
43488
11501
36129
48925
22661
48858
10550
47585
5227
31375
4047
3687
43770
34331
18542
27309
13228
19831
35427
46896
8975
46704
26752
15860
19259
35058
12990
4371
25380
19802
46745
26453
33091
39435
9512
42152
39833
32229
39513
18773
7696
2866
3973
47634
38098
41260
32012
14764
12725
41232
11829
15769
32031
23544
7058
17520
36702
6597
18547
11179
34536
21523
33362
38947
29464
49297
33421
35573
39949
36951
2710
2395
29338
37320
18339
9188
26124
41724
5957
3995
43323
12333
7876
48475
48706
20242
1220
38289
27570
15205
5481
5111
29316
32695
47122
25498
34171
16903
26267
3944
11148
48049
30605
29451
19388
7180
17059
4469
11752
43350
27385
36866
22758
16173
31294
29109
20847
40676
16481
3689
21778
10120
38441
14684
5359
45065
