2807
22633
34094
14788
12535
37942
15680
28022
6451
45196
32426
7798
46871
17386
48327
24396
18389
36320
26891
21155
33871
47864
12063
1951
31219
23304
34644
1391
12832
48529
45178
25041
22798
8729
3962
1507
10892
13199
36751
24516
23415
20299
45353
15291
19599
14164
3680
37665
40702
16042
36434
32308
37247
47766
13276
3072
17004
38010
520
5872
36558
2792
5411
33633
1795
37083
3598
26870
1182
36665
36225
9297
4972
9762
32849
22989
32399
32796
10188
39743
30074
13185
6859
24330
46461
24533
49041
28813
28738
35719
22557
5522
4667
15777
21487
36845
29648
32651
29888
17196
27719
28906
38498
48316
36957
43069
12348
39294
30851
10519
36238
21544
45834
28605
39479
25074
34206
24499
33055
1790
18825
30222
39297
44951
30447
18929
23493
29663
3288
48281
45912
32730
28569
28635
36161
49023
8116
5035
23380
32060
7318
21985
22155
36627
32575
33559
49476
3435
15343
12573
38018
29178
48337
19379
13366
15786
40835
11675
8706
21
4153
5110
43188
38580
7350
34250
20567
11538
7452
48656
4485
4091
9337
33292
41368
36763
11584
19046
25524
48145
9704
3200
44608
7471
27862
15067
17521
49959
30842
40013
46929
30349
24307
42479
20938
34353
28601
44924
4895
38224
22151
39640
1373
44318
33724
20363
29821
28634
27293
38642
26113
8305
48022
894
8376
37913
6522
26226
17121
22922
33484
29298
27033
21594
15020
37495
33825
26201
2740
28747
16682
16738
18742
10362
32848
46752
6406
41245
27505
39995
43611
16275
21978
47413
30485
39644
48065
37139
4792
41158
17710
29461
12492
27121
48078
14825
37281
26053
17715
24107
30975
2679
10481
35037
20482
41790
22783
27141
18818
45375
38187
35788
1388
29879
41276
43718
41607
9503
41049
6919
9856
34768
44979
29490
32157
41653
31379
41692
19364
41367
43749
43159
45503
12868
5199
14499
31607
46710
38424
25684
29403
24624
11073
3753
24937
44463
5763
20801
15171
13692
25643
29495
2512
20219
10554
14282
45206
25941
4901
33986
4339
42752
26460
19927
353
3890
206
19556
18521
49457
29810
49759
27307
12449
45532
14102
16781
2364
7726
38586
48095
19466
35239
28735
11998
24390
20250
4976
7666
41887
2880
44358
27659
8280
44535
25532
16386
40770
14698
17214
15472
44737
19482
41056
23592
43804
33413
33729
20452
45489
32238
48302
533
44367
23611
8274
28410
7153
17672
2063
36056
32745
25220
30361
5093
5032
36679
38798
18685
40602
38153
29511
1556
10109
