30296
46879
32429
3442
33379
26496
21489
43783
20699
2425
17996
28872
38826
1735
47276
13512
25504
40472
31919
42908
30500
20267
22161
42221
42690
11032
35255
5542
43397
6604
15426
29841
41018
45089
17644
31850
17686
9896
47097
37454
1362
4100
237
41011
35580
11771
30097
6833
44669
24971
4413
45066
9394
27956
8192
27377
5447
20990
20905
26282
8755
18812
36435
34369
49975
36477
11162
21107
34829
28620
6750
27670
40401
23488
44099
36535
6636
10055
31110
36328
27338
34907
14817
1927
48375
25546
46315
3668
34941
27046
3562
44229
48928
7209
9734
30829
17753
13627
41670
23647
32591
20956
23254
34558
21446
13092
31814
37194
25875
14200
49338
47196
41978
39064
28520
43413
34267
37549
1192
37439
37407
6257
43369
21680
29099
40440
31490
1997
46637
23906
23808
42983
38961
9063
45108
20606
38370
49209
36246
43095
3168
27090
49362
28336
8207
175
23404
48256
8888
10472
44469
2428
31322
33020
45523
37922
29643
7405
21897
18504
47952
31569
46237
26389
13923
2038
45071
31406
28266
36270
23168
38585
19288
3030
31066
22374
32141
21130
1857
18653
22644
35722
26169
7030
8034
41875
11606
28846
37565
36095
18746
31471
42384
36305
19887
23208
48957
33258
12147
49647
22064
4566
31602
28240
14078
37216
21744
13705
25786
6197
15821
41411
30140
41786
28687
35165
35751
36990
25192
19083
31302
8418
43663
32765
15371
4655
47082
44252
49818
31271
44998
19586
38532
14991
10004
19980
37604
43293
4712
39799
46474
12479
43269
45223
30954
40502
37677
41299
25787
46517
47436
28991
43520
42651
25185
20061
40019
23571
31731
19731
12945
20850
23798
16269
10088
26087
1912
27895
49932
12590
34445
38592
44863
35829
49762
39402
32236
6021
36299
306
3740
3430
41868
19947
2699
49256
22795
29673
4076
24584
9243
31382
10152
26593
14412
13481
49593
7832
27976
17277
44300
15547
43355
19353
6923
17737
17613
188
42107
20636
12252
3800
46973
39182
10248
46337
36277
33223
16819
30146
1813
32581
17559
31632
31061
30007
1139
26380
11492
2084
25627
49560
16421
49350
9410
4317
2134
