35613
38756
32509
17491
38078
34839
3368
40101
27406
43057
31348
47581
26584
11275
32176
11889
2280
37876
2
684
38627
42086
19735
7845
48121
37564
2703
16215
14923
5784
5673
44251
39188
41613
19678
45365
47876
696
43037
7136
10402
2008
34213
47976
49642
786
26123
49415
27574
914
37450
23140
23675
4454
31051
27408
21733
21236
3709
34150
42743
39728
31766
29256
20515
27434
46674
34392
15754
16948
49357
8045
26639
36107
19713
56
7796
8617
38217
10242
45831
46946
19733
46493
47608
13455
20804
7970
13572
5342
39416
42023
45622
34045
4391
499
31553
9096
42147
39673
32957
21421
26554
40732
26011
19829
15697
39783
37136
31750
17851
2936
48534
3853
5264
3925
12786
20729
48524
15408
13929
4664
24008
44430
20695
47192
11799
22359
23058
1265
33935
37879
13356
5420
19989
7552
22640
20132
15405
47761
35005
23776
23565
18902
29326
46967
17603
9033
36747
24478
29845
2811
43771
346
44595
12870
43791
4460
46931
45090
20951
37792
1110
49081
33643
44311
2262
14643
40931
21273
16668
4099
7227
44083
34119
22402
31325
48891
49145
28248
45876
25758
35625
3342
9635
49730
13045
46985
22968
42132
12860
26723
16705
26130
31945
29551
31342
37481
7310
33937
1967
14104
26453
49908
27629
23520
8242
25087
8044
38843
2869
24531
35969
12769
20908
11552
43962
21881
2491
40523
43420
41155
48081
8564
796
29514
20372
22222
32941
14524
32793
3626
5925
8854
5343
37726
33165
19052
21301
13824
48887
31522
28346
41807
27310
34762
19424
2658
46965
25832
