46355
22357
49995
30930
3586
5415
7034
8437
30813
40134
18359
3013
10510
2252
47459
31648
21703
1185
32046
11256
48203
14765
48275
1498
2642
29425
9401
20288
49606
24704
24050
20291
41777
10888
31666
5846
38458
38958
19068
48599
12715
30696
37826
17911
7500
31182
26093
1168
27858
43728
4205
39269
44320
32502
22606
32455
2581
39180
23828
32492
35126
44840
11161
6122
20025
4748
15556
7215
24543
17902
2745
49358
26225
49758
40699
36108
32355
3996
29399
44944
27754
24548
22962
36233
45724
22638
16347
38001
24
44169
33538
3232
20385
22840
35369
28646
43932
21919
8570
24701
34680
15440
24409
9606
35343
4058
2321
44559
40812
49206
5018
5960
30578
39686
30352
6564
18065
19690
33961
30430
44383
5669
16601
4732
36691
23305
40862
1649
39513
47767
1207
28577
26562
42881
24807
18153
45440
11811
10474
10403
35693
33262
31419
25331
4482
23013
11716
21269
35281
16040
21474
20429
30730
4141
14202
22980
21880
7764
30090
29969
42167
22378
36306
6499
48257
36286
42578
40170
7608
20851
30898
7475
38363
30151
35421
590
1075
1403
37207
3850
47896
36224
12064
8228
37140
20780
46468
6265
12450
17784
6759
598
11197
13110
1167
4181
41892
27108
16543
26048
16038
49851
8746
9890
14766
18535
30788
21943
16050
22919
15099
14743
12372
36513
38884
44765
33360
11776
35143
20119
20752
32270
46122
22249
6620
37241
14576
21501
29942
9706
15809
16647
31913
45872
35511
11580
28013
23774
20296
7637
15650
10221
6828
45816
24595
12279
40839
18798
45823
33481
49022
10011
8464
37638
16039
9043
19017
12703
13406
26399
9418
24018
12030
34616
28907
32624
29952
20712
17942
48385
46454
11058
29593
23548
22427
30865
15917
47586
26867
12312
9913
31276
23387
25432
23536
40824
7786
19596
38367
38734
19967
21141
28104
33279
28480
29756
6442
48138
38835
39987
21854
32876
29046
42905
5354
22119
2446
22488
3588
46890
25053
48442
39146
37818
33240
48761
34244
39759
32615
15050
11744
304
14615
15494
32631
26699
42191
31505
24419
9482
15257
44956
48059
46751
26916
9344
891
48726
47178
44352
34092
44822
30406
1299
2027
47816
48376
7020
40571
36478
24804
15210
27558
6148
15724
21285
31895
43837
40927
44943
10624
19485
33215
42334
4057
25862
10664
2755
36350
39525
41044
18230
27556
2721
32917
49473
14369
16922
8011
9067
20045
41285
36931
44918
10118
9420
15451
24482
20667
27146
38026
15452
39380
12972
47447
10731
15088
6757
46366
6037
47500
49581
46389
17444
5173
8648
36236
33948
48709
5217
7439
37817
34024
