7882
42802
30179
29881
47690
28277
2442
27647
25397
15972
21046
17002
24871
7439
30882
408
39865
5924
16205
18172
25135
49616
3046
42808
28518
40521
9560
31050
35753
39445
12074
44977
2583
19005
23760
31257
49703
30792
7830
15193
41601
19892
29845
11651
9526
31451
21274
10811
32315
5313
31578
8123
15788
17601
10689
9064
48736
17112
31482
1093
38138
8240
48002
39730
17040
7476
4040
6386
49991
37040
25109
48629
29703
17917
12062
43129
37015
7242
5526
27334
39129
11257
5221
23276
41450
39552
47499
36743
11233
30854
32917
30948
47132
13828
15068
45961
42697
42302
18995
46215
37353
20080
16757
37207
27169
32770
367
26110
4861
740
39810
4846
4450
47663
42763
33658
21390
19068
21269
2215
40413
35740
7638
22628
46702
38862
30153
27153
3854
33799
47348
14454
48091
22916
13434
3307
48397
15804
2879
29300
47277
28782
8122
148
27069
15073
47692
36772
3416
3068
20413
9799
9326
33391
35549
28805
44014
49007
42875
31546
25453
37405
14054
5947
44045
39853
46329
14293
33566
33490
1013
22788
61
38500
25503
9819
35160
44474
14629
723
6652
32231
24999
40288
18818
32961
17537
20398
31101
32023
5899
48027
45549
35899
22318
1403
13712
39363
11381
34578
11265
44582
33211
43886
20617
24127
19299
9785
49871
11378
11439
46638
36818
42294
40211
34768
34200
20025
18769
31249
17755
29025
24951
10248
14795
39233
31688
34985
4397
22970
42469
6897
38535
11335
37077
31133
15826
20070
9678
37359
8877
36087
23106
6285
36869
77
45974
42569
42796
4089
29565
25866
630
44984
30008
6318
5745
6960
13532
670
16254
809
223
31284
24294
3817
30645
17974
42667
46989
47270
41278
7553
10256
19081
1578
16274
8722
39382
16738
37504
7965
16832
31838
11965
343
37854
12121
15732
6979
21391
20208
9368
33461
27753
16582
39562
39852
36433
32736
49456
21475
43142
25116
36413
15130
4991
10604
40958
6392
33786
18497
27695
10183
39254
29903
5400
19722
11549
31611
23876
39631
3291
4719
832
9287
34557
8616
15827
12999
2512
42499
9668
10089
18102
24936
4399
20476
31456
19472
27662
39351
32999
5537
36915
27370
32833
14788
8109
25041
45273
20205
9905
25004
46598
25831
42564
24553
30007
38286
46777
12552
6050
29788
16138
30721
21818
25549
42018
12217
14009
36692
36730
14093
1661
43942
14137
25679
32588
16547
22398
22211
44123
27557
31587
40661
48389
9612
33175
20938
26173
808
40269
8986
46003
28070
27411
13512
40364
35593
33692
273
3732
12615
17483
47884
44481
47063
13815
9999
39841
23036
11009
45659
7020
37399
7762
48242
32087
25589
3514
20993
5882
34384
32285
37197
46626
4874
1549
10456
4836
9251
11743
29768
29266
25198
9006
48234
6344
17095
27184
564
20285
1769
4055
10208
23959
30437
20288
18000
533
45092
49335
43889
18525
5910
16916
20268
13517
9733
33638
47752
5386
36116
37390
20079
18611
26004
27065
15904
23373
41344
13847
9804
41439
28569
37821
24436
45226
12700
139
26674
773
2598
8032
46738
28544
23881
23214
38576
12304
41239
34075
39901
19328
20732
17845
27391
16197
10877
15731
5483
30452
8795
40231
17403
48249
47628
26616
31991
33113
48992
20032
9134
1015
5279
35019
2962
14666
21648
46292
30047
16541
14671
18372
30045
49792
21681
29636
48023
40962
20570
37652
16965
21402
7894
3777
23249
14110
34755
2530
26985
41043
16017
46730
37785
28721
7017
15724
28779
14927
34793
46548
42714
10390
43196
6532
2241
39666
44168
47384
4351
5330
7881
25325
9913
21985
23259
5546
23137
9440
27822
30920
11617
3837
47570
25724
12479
12155
899
28994
13094
38657
18181
17323
1182
42027
39189
3105
14464
37765
46319
47656
12494
30380
16000
15264
8837
46552
10983
34320
34792
8613
28880
13383
22267
12694
666
27671
25154
7919
40160
