22593
32959
30509
47643
14403
18822
10206
30379
4241
8159
2778
44523
49743
46851
32167
11542
42617
7555
17637
21165
4008
6429
5223
8345
4894
48045
14563
15087
42806
18829
39702
5739
9267
13952
19653
42580
1492
8924
3059
42671
9884
334
29198
19873
800
29923
7536
36403
46053
43284
16183
35237
9288
41095
40422
14971
7566
47854
24442
46614
14811
28384
14435
46180
42162
45037
35221
26643
4134
31305
40485
30010
31606
24183
1546
5078
24874
3828
29915
40278
1068
20724
19581
39386
11289
20022
49612
41089
43000
12159
32334
31488
28073
8591
9942
27279
29243
2783
29083
25234
37121
41184
5932
36675
16952
46394
3365
23713
39278
27955
33554
42777
22216
11818
16557
41716
10732
48076
32536
30987
2538
27758
29059
31933
34003
11041
150
627
25775
8664
5837
1386
6214
10353
19973
8868
47748
10432
24922
15986
21370
48438
1211
14295
38745
8492
6775
43907
37110
31156
17341
29123
26288
6170
33816
18306
7257
41413
39505
3169
42726
2518
14870
28126
9447
11698
16207
46731
35408
36398
43246
36862
44278
40298
23295
24140
11763
18319
30747
9949
45709
4609
7135
25343
18993
5245
34053
11169
34652
49176
45304
44721
19159
6085
43840
22196
49304
19056
833
18001
29155
42239
34919
21918
28691
17485
12774
14178
31502
21202
9378
6633
49732
5002
48893
19846
30562
5833
26677
45506
37746
10520
1491
563
33709
10253
196
39471
5241
33920
38624
38522
10812
20633
36540
49585
47670
20875
35186
22553
40325
45850
4927
23150
129
36896
42665
19005
8157
21185
9978
8909
20050
12671
43343
33758
2952
275
44699
28714
15837
45373
26132
16053
48132
41296
48745
19463
28438
9235
22626
17185
13207
10603
38577
9676
15
14320
38814
44353
16676
1485
35308
48342
7619
33411
32171
8180
36297
18486
46079
32709
6065
6342
5874
7924
21915
9521
37384
16809
10734
9902
30337
21942
11205
12562
16548
26602
45576
47838
39613
30948
9657
34902
11222
42257
5259
27678
33448
5256
11821
45526
37915
20255
24175
42207
33268
28562
10946
12819
35053
41631
29767
34849
3864
14173
41948
6578
35050
21534
35205
28566
44382
42322
32151
29798
24620
45329
29835
31558
7384
44995
40623
11311
42813
49938
12839
15716
31866
5101
39410
39923
46776
30054
35800
9681
19649
8779
15871
29299
49150
48410
49031
21159
49864
5235
33422
40869
2020
32794
3488
22102
3602
49032
47570
20800
25776
27718
16015
3814
32506
40626
45815
