39733
18592
20379
32697
13754
20259
14822
48658
17773
17914
31477
41339
33945
29825
2246
29186
48358
25848
39997
28857
14905
23568
30271
42645
40936
15504
25428
39496
16425
7809
1222
27156
31864
22930
3529
40194
37402
36102
47273
3014
45243
7883
43575
27322
949
48603
35576
1846
29236
38285
35264
1780
24204
9474
43654
29238
32259
49486
40478
44610
46295
18898
26739
39381
24402
42957
46046
42034
32976
20353
6542
43107
44547
15552
38314
46064
12314
34379
12933
29498
19715
10722
42383
22539
40868
34301
39382
42148
43077
44081
23215
9675
45136
5729
8992
26669
34671
20127
45218
30814
39442
15517
21774
4354
6680
41127
34155
4223
7617
40034
15638
24993
5564
15593
22600
42450
37856
15669
44864
47147
38819
46304
40249
35074
1269
37482
21924
22121
4427
27013
6567
22676
42233
5427
28247
18291
44048
29778
24977
17951
9753
10388
7794
24393
18399
19520
17770
21200
38555
4769
22973
2412
39695
9374
16985
6654
25744
42840
42166
18985
24290
36417
18221
26339
31999
48837
45614
16456
7370
13026
49942
46606
40559
28703
20930
33261
1474
22598
10186
9742
26292
19815
16935
30685
27743
48058
2091
1928
7661
31311
21674
3755
6425
42902
16445
16962
2549
12176
13898
2160
23280
46815
39087
35479
35282
13102
21045
7937
9153
7880
4930
46702
43480
27963
25224
48766
31952
20030
2240
10392
5510
23600
3392
24281
23560
22148
29678
26281
42442
13907
17244
15386
24125
33173
17990
14305
18277
23883
27979
44516
37852
8303
10470
24950
10704
16022
23195
41523
7708
47332
2974
20674
40590
29972
40886
24539
35212
10756
29591
5092
42402
2437
1138
28106
34411
18994
6893
36696
25484
7406
22824
35096
46120
48627
12307
21642
34840
35389
12834
40864
34699
29088
40818
23335
25849
15337
39801
39831
31245
4914
48600
37282
41216
37438
44182
43906
2443
20640
11164
27578
3133
39579
44856
42828
36712
19112
42156
37399
37970
36913
24961
24126
47664
47821
5316
35977
16860
36193
48664
29999
11691
5805
44450
12584
28854
46642
16060
42537
44625
39890
44410
38917
26463
9650
8496
33966
6821
15061
20651
40322
6000
897
17145
32366
31122
7273
49749
20107
11247
9180
39752
46224
35339
21170
16920
2957
41819
8681
21283
17362
47052
8249
35699
35109
10023
17666
36732
14293
1086
47534
9889
25084
14518
18185
41947
6369
1864
38491
42084
18321
38385
25256
45122
23308
5650
32737
32480
43494
1976
30144
6244
44059
28065
17956
9672
33834
5376
14812
9828
37807
3519
3276
25154
20080
26552
18005
21804
30477
46688
12904
8528
24343
15679
23235
42368
23065
3866
16182
14180
