45195
34371
15477
26599
34400
8778
12078
26017
43366
9536
26626
40965
29842
15560
42396
5834
21664
23727
9901
36188
36529
6190
32297
1876
34693
38732
19270
2874
34585
27589
38243
35766
31215
5083
22647
2608
36152
42636
12464
25682
28216
2883
2214
39640
23011
47059
21739
40667
44142
44261
10547
29146
42429
1885
33837
46287
23122
14030
39294
8114
49041
22437
27540
42374
24856
27280
19218
24440
46027
1120
37428
32548
17111
29777
11406
29737
28431
11489
42770
34650
9441
49466
34562
27496
13935
44409
8950
31447
48740
48435
31444
36033
25352
35020
22415
24598
36372
22997
8280
29149
38676
49238
39390
10251
19114
27872
17886
38757
37573
38420
23163
2820
32683
25569
11147
40493
47201
21430
28526
9457
41995
31360
42110
23412
44964
49249
14548
46113
46396
24631
43139
26149
33802
10283
35929
47526
11053
44738
13043
35448
23713
23045
36046
31902
17855
34151
19543
34493
4880
37864
1533
8809
32420
4595
18100
47126
17573
33752
17570
43242
10665
31706
8724
8699
22845
21544
19940
36021
22028
339
45378
16521
30929
10460
14079
24977
41301
18445
7843
622
12382
33259
30486
6736
2294
43786
6747
1136
27358
30585
49969
45473
8367
44785
18059
31507
29835
22117
21487
8513
20557
9043
14092
23809
43758
32794
36398
2842
2361
47102
19228
24533
20477
33224
35985
3897
26794
6756
15057
43586
14912
2332
28358
41245
47393
37175
21363
5756
43780
33947
19959
35801
46406
25841
25515
46539
12927
28026
37747
27132
34332
28072
17560
2059
42692
45671
43552
47031
8667
26200
38599
47729
42413
33700
27758
3685
10506
44484
48751
21896
11155
2611
41639
29724
7013
45351
8296
32592
15791
20777
49828
21008
35509
47514
28426
40892
14782
17034
11158
4537
48856
5908
4012
31142
20115
37441
42099
32257
54
5985
47445
32685
35815
7723
29880
19311
26684
30679
9365
44397
19893
17278
38629
26223
16075
2728
40937
7159
3026
45635
16655
12849
27961
8799
40819
40525
817
22859
4499
34193
38336
36515
34649
28605
11847
40450
23899
895
35135
25210
15132
44515
39955
7660
37354
5648
35592
20017
1535
20320
12466
47155
14961
12511
20910
41421
41594
5074
40055
13769
37004
37940
28735
37830
47727
21644
46474
32476
35123
4862
41682
2484
24753
27029
35748
29930
47325
28229
23000
22076
28881
16750
1305
44088
25657
4233
34322
37888
5173
23598
45552
25199
49939
12524
38345
42680
18318
19869
22099
35554
44066
22825
4787
7073
39417
26282
21048
29667
29979
37502
15402
30240
49639
21934
43115
11649
21661
4317
48243
1033
4378
25103
23575
36632
16413
12678
27614
79
26820
24829
34914
16022
14934
25853
19828
48114
45357
35559
19118
13924
26775
23580
48003
21592
6107
42080
11705
7318
31602
27045
42360
47861
44382
28790
38670
49919
19049
12963
19630
25129
35418
42007
20388
11580
29210
19665
4830
20543
28011
39459
36678
49415
34499
31170
11125
40769
20247
17733
32241
48515
27428
2081
12357
8438
1949
11441
33432
33923
35468
35012
6653
20408
3223
18053
37835
39832
18027
17072
11366
47791
43428
22993
27421
20125
10014
31965
20178
42586
32725
5352
33525
25806
36555
31275
43368
8020
