11403
45787
7675
24637
57
5414
16059
30899
6841
1380
17981
19779
20513
29639
5834
2419
25335
3802
40337
33096
9717
33786
90
2789
40140
49216
25733
19614
32145
15816
42502
29475
49693
41977
48999
28294
34866
9367
40114
32057
27371
19204
8168
48987
48637
2073
31381
47609
22575
46893
29936
32946
40815
39918
34802
27273
22940
19589
32291
19358
2444
31544
42991
35242
8535
49096
28741
26526
27353
41172
19195
17852
5506
45014
3166
15906
26184
48808
44611
9124
10758
12260
30925
24358
6481
19914
12746
10827
7386
20676
31159
3513
24511
39905
14973
42853
726
26730
27039
23031
38500
14967
24685
34887
35060
45642
22716
40870
34702
44928
7054
43963
21996
33132
22463
18073
38520
46144
26757
46912
44208
7009
11643
34847
33316
5130
7339
4117
21219
23242
38422
33811
48719
15115
44654
27325
34613
2815
17467
42764
23098
37697
31142
1886
7139
4155
10917
47993
45525
42470
8415
13066
31040
25311
30292
9448
29377
1684
39117
28809
41773
23897
28945
47931
38680
42910
4011
18146
19740
25022
23980
28344
20821
49855
22150
24894
36283
430
478
15176
22566
38715
7028
25031
45472
27124
9920
17450
37126
45310
47123
1559
12701
41278
22229
13147
3156
44341
20021
19567
19987
27646
25968
5250
16971
15242
11444
6466
1693
25286
8009
26616
4908
40127
46176
31166
5460
26576
2340
27900
20871
44096
5206
41096
34869
17448
37269
39136
39305
48309
30721
26702
34319
49811
32469
15908
15027
37448
41399
39152
850
30490
34626
24324
45594
29710
43884
26661
26265
43437
286
47612
6834
11198
30141
6848
31552
16722
37425
16029
44643
9224
39038
34882
8423
16354
49504
37217
29165
38335
33592
8899
38623
31250
38216
48332
27734
7685
25159
25449
40845
37947
8285
20568
38286
12699
23495
30959
21097
3062
31328
18091
21830
25445
47572
16934
11442
29536
42087
18802
15233
18884
22415
36301
13902
45878
2791
40706
38613
40405
7266
35517
26331
6229
4480
29838
28961
46427
40675
45034
30424
12901
17434
41498
2897
26317
32654
419
4704
45195
47933
24185
33960
26949
42843
40454
40635
1236
28917
4782
44985
35924
49411
31175
28112
22207
38628
41596
28679
44414
42443
7691
27478
25856
16382
38997
47831
16350
2878
33051
17971
47660
228
40105
34557
35030
35336
43729
45080
352
24657
44507
9504
25996
19637
28531
35534
21117
13412
28396
45852
39937
29740
17998
30392
43239
8801
14872
14081
39286
46398
33140
31543
46712
16552
36302
49903
48889
47154
9018
5520
28353
12325
22142
9016
10549
37500
5107
28792
45999
5333
27025
36587
20173
46991
41980
5284
22969
35290
