45688
14665
6621
687
18788
45933
9622
17647
26418
45536
13476
43252
15083
25727
28416
4541
18695
26436
24587
35117
37164
18499
7957
17917
6803
33479
962
19655
48127
35263
14409
9192
27210
19262
1017
5234
44401
25131
10200
42102
41951
30008
29412
1896
29149
24149
22136
2225
11665
6182
40659
6041
14887
18109
4514
4977
25066
13993
34219
28170
36898
29809
26826
41676
48037
22327
26852
35120
7178
33017
5152
36427
7424
32344
44118
29795
44758
6413
41903
24820
3096
34275
3484
47610
7114
38739
9050
31943
49229
14571
13644
32617
44996
41896
30559
26067
16390
48543
33088
46074
35257
46256
26687
2294
35862
20660
909
381
6187
11389
41838
17044
14232
23858
12833
22880
27616
15965
21006
29196
1871
34984
43063
2548
38929
38801
7558
43424
39387
12355
1515
4900
32990
28651
30193
16659
45043
37103
46190
48345
13706
49499
39902
32628
19404
43353
30041
28818
6152
31956
16291
22431
23001
24437
36344
33959
11236
12136
43144
36612
19906
49028
1811
33005
34520
20317
6316
26239
4783
7046
35344
44784
13611
17041
20198
42031
30458
8247
14454
26246
9778
33115
31209
31193
47400
23927
23464
40881
30091
27433
34653
30013
24733
6844
16802
18285
45193
20669
10010
49396
37850
13162
42432
4924
20610
25439
39992
28824
26051
17719
42055
43669
26471
30907
27095
29380
14642
45362
35386
7734
8514
7325
38858
48221
11272
13852
23924
31645
21510
2413
45577
48223
43241
4863
977
47684
3677
37146
3087
19923
604
26174
43764
37537
28030
24451
1462
41253
7363
41195
9048
20142
22588
46280
34446
43957
28054
35097
30264
22617
27618
2695
14742
12278
17086
23174
36001
7565
14453
33023
14422
47657
30333
17236
9086
31481
22106
12496
5317
36461
41785
36978
28149
10899
36797
3155
10663
980
3475
2260
33251
19503
10066
5615
33534
11334
24593
41052
22837
13309
19274
37553
3977
44672
40331
27341
4685
39617
46321
31869
7066
27437
30017
23137
31781
22609
17085
18836
37609
32184
23232
31468
10208
2923
36065
3689
27896
18123
21776
2292
48368
37330
15169
48611
10102
27677
24211
41190
5174
8300
46516
36880
32843
14313
32450
46346
20965
38284
16561
9505
14012
1920
43170
30792
11913
44061
21682
41975
6098
40384
43685
31282
564
15530
35507
7053
34953
30502
20609
43681
22976
38748
17419
7221
20454
9720
48539
18088
38733
49523
2993
8239
9462
16427
10098
22313
44063
17550
25110
4445
37204
23739
15632
42335
26455
13180
39565
28343
39026
42631
22817
27511
40446
12072
17580
8460
6929
13513
15432
47096
47804
48559
27319
15216
1958
15617
22848
5943
8839
49118
40000
4812
14730
15122
5105
39521
29957
