40008
25468
21261
16653
8367
46357
18449
36599
6193
1204
18552
15602
41444
32769
43880
35476
6339
16465
30636
44026
42549
45743
399
34116
26294
30932
36367
37253
44068
7306
36547
48115
27755
4473
25291
46862
13015
40819
15150
41993
22169
35942
24224
42138
19263
41151
39168
24297
37561
45361
1593
40729
21050
25933
29826
32592
30648
3337
29911
30180
7049
36533
19197
26794
38652
11707
14030
48740
12500
37251
7992
20505
49063
21635
16436
31385
40031
49958
8188
48804
5063
11363
34864
32680
42226
44150
1748
27930
39938
13398
1048
23433
4519
17200
42583
28233
40146
41923
34538
32828
1098
17215
18647
41482
49714
31114
19279
47194
47407
31273
10989
43524
18960
19831
5019
43743
37175
24374
33424
23622
17458
32894
38701
32551
47156
12127
42533
35171
36735
4415
10212
42088
47943
23919
26510
33654
7544
38068
37485
8290
26678
2615
44663
12472
6109
12606
26464
4288
33504
23124
2889
11632
15989
37985
34095
35732
18310
14883
12681
22760
3528
14998
41294
48294
18657
39745
32194
8381
2735
25847
91
1294
14029
40428
8229
33144
20613
8443
28060
20051
30207
39466
33164
25495
42629
40750
38247
28471
21747
11696
5150
16636
24570
30039
41087
8001
35041
3949
2396
47180
26558
45708
27149
29762
9925
2761
24946
33991
4905
36038
2470
21736
10891
23218
10853
39948
22190
29484
21142
45856
27390
9935
31542
4696
35334
1668
23953
18121
14301
16297
15312
16308
26417
13566
29269
23840
10187
13352
29800
49775
20028
28212
25638
24153
440
22680
3727
10209
33348
751
1004
35062
26171
18144
34822
11401
9960
31536
15541
22153
33912
16979
42261
48192
38277
47681
37655
46421
45042
46813
6032
41391
37355
10907
16107
18410
41424
4568
40529
8219
15876
44255
22493
20914
42866
12114
24142
39331
11803
27357
7949
28833
13893
17346
13897
15902
6660
40150
26987
24380
34563
8770
27741
16041
37768
16669
15016
31211
42836
8150
43078
41229
3402
2521
3764
43715
17693
20923
18606
43980
8356
46378
2384
9798
4322
33345
16785
41313
18704
4999
6637
30411
12738
38484
41638
2960
12296
10078
39781
42124
40338
29280
49727
3080
34530
7673
49158
30310
7212
16252
34540
36414
48273
41383
21652
12646
10429
36531
11075
1477
5759
14673
24715
10903
16324
45277
32601
8937
45389
23420
42137
43394
45393
31300
7396
31668
23285
41954
49997
45732
13214
39523
19533
10983
3069
39169
13445
50
5713
9756
39973
13748
