32590
39025
188
44387
23319
39788
36722
13842
45426
25595
9762
15093
5509
25905
47349
31015
15203
18033
6878
15026
45243
47924
1253
7008
30508
8057
33955
17824
9706
20225
15152
32289
38086
3824
40566
16
37802
31286
28105
18392
29160
34775
48667
17376
43553
14977
16258
5301
27158
1755
34749
44148
26237
655
41659
43705
13489
29199
15085
889
3341
48823
37286
37559
23366
34910
32498
35461
43661
16667
49992
10279
27700
5797
11070
39415
31591
23973
11603
28347
16622
37965
46260
39244
44633
43414
7497
30768
37005
21476
3487
41829
25047
9111
7977
15191
20760
45262
21865
29341
32267
42171
696
26939
33601
28970
19895
17772
24178
48513
42411
6533
12533
13922
10968
3880
6510
32805
14597
34613
40616
45726
3343
42266
10480
42420
36250
45363
4011
7784
17255
45554
409
32165
47647
32955
19761
22895
42295
21573
35122
24259
4910
3042
549
25713
37890
23481
45916
19931
28019
27006
19018
47330
43224
31732
17098
31606
44668
23586
24485
34366
15375
16967
49307
47089
11977
18487
7116
308
43059
40866
530
34122
1232
19269
22467
45512
4240
31159
20832
38552
32659
36065
3360
8016
31394
3694
9710
5719
49839
25813
35775
23154
36570
9965
13130
5427
13511
27310
435
21201
28945
2605
28415
22872
15350
30727
14990
39613
33412
19683
14358
46756
34537
42201
32353
47604
39428
19865
33482
1508
23753
15963
12874
44372
29985
21041
21821
37683
18686
13543
39948
41062
14196
16874
4763
27015
1041
49182
21786
44815
37300
40716
46363
37938
2780
44727
1882
30927
6993
4746
3502
10785
33963
19498
4638
41996
30956
16400
18108
13674
27734
41871
3998
31909
40850
49418
36218
3774
46437
38366
30362
12631
13218
19492
38250
28766
10623
19319
8549
46685
25234
21248
36409
23410
39453
45297
775
20500
2679
48552
5497
22289
7306
16407
32379
24644
5147
14520
17808
23422
4471
34318
26867
19276
27495
48140
46719
4269
6204
42784
6068
28159
5021
43973
43732
29312
4898
49693
34023
7890
19948
20330
48571
47275
44275
47668
873
32607
47422
10068
33980
147
9906
22643
18841
18986
795
35944
29028
42595
36768
43459
48146
24320
33270
35596
45198
15595
42403
21290
39199
47121
24503
3349
49895
13546
14754
38007
19606
29270
49432
34573
472
3061
28389
23570
32593
41997
36506
7525
2895
26975
24201
48503
30823
3847
16186
23286
6061
18647
41557
12549
1829
3631
46575
44869
31385
8775
7934
29570
10693
47431
22083
7988
48964
20621
14431
40723
40687
39812
28892
19984
49994
3706
41034
37345
39078
36427
42405
7100
5245
13596
47969
34255
32924
10740
38926
20162
5591
44897
48312
13879
2160
33408
46691
28614
22595
24233
32367
5788
43230
40361
3680
43945
33614
47447
34239
21927
42355
12571
21135
48506
43706
23353
21100
20164
9037
31735
18453
870
29203
6585
33930
21000
38950
4285
24117
39426
24270
295
22016
9218
29988
35444
49060
37982
29265
9576
19709
5821
20519
33599
49416
27592
42301
49961
48765
40550
46503
39127
8689
45864
36567
43477
30556
46597
32176
34231
23433
29653
21750
2818
35883
7079
7194
906
36511
23395
3536
31600
40280
37057
24572
42481
48327
9486
20787
1351
18658
3485
46356
16104
233
48918
15970
15738
2349
33000
28141
7582
6781
24980
26829
10778
15884
14908
45453
37112
30457
18424
2487
12104
16525
12838
35108
10177
44938
14781
47701
1057
15950
29654
49923
26402
13336
4964
1168
45079
2652
16137
43182
17230
41981
48620
16786
16836
36706
13900
44375
16356
8257
24715
31542
20647
49844
6339
36156
27499
42283
28947
15229
15848
24885
11593
10302
8567
7938
43288
11963
47002
31800
9267
12033
42211
21219
14814
36829
38415
35917
14263
6890
22181
26378
16688
43700
37544
23476
37418
46753
33426
33879
130
46438
3474
41068
42614
6701
48084
45421
43722
4369
24737
38648
30950
8490
23879
13510
3361
6668
42542
1268
31558
7597
29153
17975
36616
8675
20305
1886
3861
44748
22931
47378
48274
37514
42100
46256
41431
27290
6185
20819
6265
38071
15213
6153
23367
43827
2871
34571
2236
23039
48458
46092
18293
47232
39876
18830
48474
22789
38727
23943
28434
24848
39706
813
23603
42768
2291
7869
6817
20837
4393
19655
19541
29883
18810
46378
17405
1163
31526
4130
24612
10036
550
30541
2310
25255
49774
18947
10892
46754
17557
19841
25263
23901
27507
30144
16789
45080
11601
29030
955
45835
15533
45567
47064
47996
8063
24412
31162
34448
3226
38093
17151
29096
8698
35674
23572
13415
5153
34816
21138
34137
9982
43021
44111
7502
11528
48679
39412
2932
25241
13357
9611
11071
42395
23845
47436
22961
49836
32829
29548
29744
46250
14612
47376
35580
3250
46112
4728
43446
40906
676
44597
7198
41792
16091
5493
5159
14126
19351
18555
11115
11207
19007
24903
46868
7083
34909
16601
45620
13528
24811
4508
3313
1148
8440
2218
42060
11056
30268
6873
35270
21922
24248
46781
35734
41041
3206
20067
32279
36161
13777
20498
46650
25428
7656
13990
16873
37893
42892
37067
8369
42082
49750
17651
18269
5372
6656
19349
17136
33577
15895
23819
6718
14387
29261
13072
1688
31761
35297
23826
17717
13462
39576
2318
9630
20378
12230
10462
12618
15281
4531
24805
11458
797
47205
7340
13171
26683
37780
38491
14581
11760
14002
25585
20009
14987
4417
3900
20949
15882
23506
15753
35336
27544
12815
