26799
7650
47778
16015
46725
17150
8488
33160
43353
6020
3932
29421
12947
48792
27121
5072
16645
7339
3967
3636
37563
28838
950
28584
14852
45525
13071
11867
18594
21361
6106
36437
45900
15971
16032
10436
45722
11951
25080
18512
5067
18625
1687
14267
43516
24750
41915
35246
33332
9259
32826
48708
9579
24001
16944
34481
37941
374
13293
5491
6290
25230
29560
15172
25634
5909
22079
10817
12186
6191
40388
6025
38327
32283
605
2019
39712
33210
11123
27876
18449
8881
28190
46518
23939
47899
40338
14989
45282
17738
28232
27658
19267
44296
37748
43918
26231
47183
3020
8844
3718
49086
