33403
20855
1106
30803
33474
30723
27028
15518
46708
44815
44039
16188
27901
2990
39469
45592
40607
48654
15565
28702
33167
27358
35448
20284
15685
30241
49343
21154
44909
31909
5787
34383
1542
42358
235
7564
40357
28182
32701
1375
8407
33130
46596
13788
7487
48798
15462
40663
26656
14348
9087
4961
45781
45582
42194
41625
34824
47583
5089
22602
13143
2168
37788
11628
19940
49390
28675
11491
4214
20506
48346
38785
2423
3433
17749
25657
873
10795
39319
35688
35744
29223
38946
24512
31279
35981
22485
49011
18331
27226
19788
15601
24757
31464
10780
40062
48670
256
38337
35767
26020
32028
16116
18107
8869
49517
2661
49819
26487
9481
43982
7520
7313
15316
32472
20685
4036
38986
10318
48854
34160
38443
21231
3943
3231
11457
2877
30873
1723
41929
20861
17134
21314
2857
47352
42705
37808
2236
25805
30373
8140
44891
18177
45507
16963
10566
23974
25924
39764
6727
8190
23132
44723
6110
781
43010
3587
34438
17316
18531
4870
49977
19517
2530
21908
36123
8903
1513
30796
37766
19837
11817
24306
44966
28263
41877
49030
23904
5116
49131
33673
44051
25352
33542
2171
16185
32982
26929
17960
44005
40920
48354
30672
29103
8758
9004
25180
47264
16399
40796
36191
27899
39999
20534
31020
16709
13843
29060
5753
4676
48066
29666
35747
47228
13251
26912
49160
4279
12642
19359
43589
34587
4290
48785
19961
7194
20211
9572
24995
17826
44019
35019
17297
28814
23848
28856
34705
30351
32562
46330
28502
3248
45433
33555
42738
9946
17126
49351
8951
30771
12575
36666
29851
38809
2748
24700
8717
9541
38897
40456
5406
11968
27727
48609
11787
39754
