34349
35450
26078
21343
30458
49803
22745
36473
15649
35386
13669
48494
1392
17436
40926
5906
21386
30584
46729
48073
35916
29011
19619
4112
37002
23610
41481
2567
39597
47366
12986
44649
45189
42078
23646
9052
16983
21532
27281
34992
35819
43496
26135
2878
22616
42858
2564
31673
29382
28122
35903
12257
40501
9667
22311
9498
12558
13713
16473
10518
34292
49929
9397
25479
44919
4023
6417
25643
28514
6122
13024
29197
15154
16343
17585
32389
42759
12781
45104
24859
49741
18398
49468
24931
45396
13951
2400
10086
28388
32595
42716
16304
42609
11575
519
11116
25683
31464
44348
41014
48944
47125
44400
43203
29396
33411
40389
27511
18824
2396
15919
14608
44682
915
34328
49903
2200
28192
3595
40969
30714
48293
943
8136
42665
9240
42853
46316
22764
30506
35624
40750
878
11103
9492
47907
557
21392
15763
29820
42304
37152
16597
23535
29459
19743
32861
25678
7471
11487
22235
48394
23726
49093
38337
33027
7567
27284
23885
2171
8715
38746
5414
25553
46041
1957
15059
35482
15125
42958
33993
47723
15838
39103
40167
20011
2696
39809
13304
29906
41653
39600
31266
1815
15266
17073
9694
28286
12010
30533
43118
8237
16290
25162
29439
49251
45889
1145
5090
33434
32183
48282
1759
14773
30363
12182
12156
15284
5615
3324
41859
20683
12086
2546
26261
21577
32781
25473
38233
23360
8376
27543
25902
25239
32846
15461
6742
8321
34271
24303
135
9103
37154
31874
22966
47901
4998
8103
29377
28673
27660
46703
639
13846
16773
6482
6682
47903
45970
34959
10473
16230
5306
43666
18499
33424
2592
17805
32844
5567
39822
3066
14139
11427
336
6687
43310
43020
10834
23109
48289
17467
46635
33038
17139
8074
26808
32610
37421
33704
6183
41831
14337
3896
39173
9563
26091
11817
16115
49565
45082
17044
33710
20018
14232
16049
35371
39611
31927
48015
6789
16233
16516
3015
6691
32266
31178
31669
3931
41310
12949
9952
24771
34739
39797
5726
14049
23155
32150
2636
27674
1921
12959
2197
25225
28699
21838
46659
48248
46017
13328
21049
13886
14547
4368
20967
38408
21758
9265
43868
16463
33561
23531
42602
20289
6349
23697
33974
31095
17170
18291
37517
49155
20615
7681
42533
36376
13537
38721
5450
27378
29535
41101
29935
14294
32700
36387
35786
33840
4034
6820
13308
36591
27077
43236
44629
49366
4511
18145
17184
22238
42898
46726
3121
41560
19602
33804
20325
21494
10343
3810
39887
47611
31679
18388
48561
35511
2114
15286
41856
25858
23077
44501
39889
47220
4956
49053
21212
37698
49825
48522
5406
48602
6407
20869
46710
31448
108
41902
24059
933
17249
27138
29179
35645
901
33597
37766
8538
12397
13850
28553
22284
16808
2429
24779
28798
17311
6843
43960
15795
40419
3358
43290
45345
21605
18194
