37200
5395
14858
12106
9177
16308
20547
5338
41422
26840
32456
26033
16925
47728
38794
9312
19798
44743
45684
40672
35626
42531
43073
31618
45358
24260
10579
25016
6547
1159
11799
33375
1608
28115
40187
25128
4999
30167
1820
26707
39031
8298
37702
39768
21307
38194
23229
29271
38681
4410
34378
30715
12447
38284
29378
8179
38981
4609
16828
3705
3115
5807
48567
31872
35634
14839
3610
28007
7770
35539
46466
43198
4062
28932
28679
4677
41191
30771
17219
43926
22641
9153
22365
15770
17924
36614
30996
6771
3608
8
25332
33972
15873
35065
7247
24052
43962
41555
51
16580
43119
47199
16331
21204
19894
41094
18441
24486
17310
27750
15142
32708
31655
31767
12830
9796
9717
32744
26425
39333
38783
19345
45134
8770
11302
42443
1233
37973
7868
49835
48251
4470
15116
6509
6214
40478
49564
21136
29500
34342
1531
27742
40468
27892
3445
10334
3868
43060
12879
30400
44971
3587
47774
14226
35179
18103
13694
38044
30741
10046
13853
48684
43120
31059
2849
5270
30971
38224
31470
41493
49230
41146
26314
47198
9238
26555
32823
25330
9154
48280
17351
32303
22058
15428
5431
15746
45507
3909
44342
38503
17482
14582
26804
34368
32356
43595
29446
15505
9756
46463
39913
47362
47338
37741
25113
13263
44838
21805
47539
4631
36620
19936
39831
4367
5170
38655
9543
3079
20022
41610
36436
46862
37981
25303
32888
37210
14725
29669
22249
9139
10788
6888
23302
101
42528
34295
21967
32270
17475
48355
17524
43096
15650
15962
24814
1377
41710
8328
20481
6409
41437
47157
47963
32694
48485
9774
46207
