23322
35920
25015
36681
14098
44440
10490
8932
37492
46012
14208
35248
23450
24180
97
30857
17069
34562
34389
49070
8488
24372
6530
7496
14572
45961
18495
21847
18188
10421
48234
39552
15966
22759
6868
16203
7586
28141
24157
10327
8950
45131
46445
2567
40890
819
21413
8198
30255
13157
37457
13957
31855
11202
16153
35401
1731
18656
20681
37633
45366
3118
42220
25686
40643
38857
8573
7855
28608
5856
40389
15086
16251
19729
44521
5509
10336
3938
5315
46351
35377
28509
35080
37872
27813
33984
29869
1487
28884
47793
3686
39632
17268
23240
26062
47037
35104
35173
41590
32981
9283
25121
44800
3229
37190
13079
42989
6163
10617
31746
30732
30952
29557
36819
4545
45621
28858
45458
358
19011
42876
36505
40445
18670
28059
29335
37158
45945
29402
49371
44945
15290
33732
47112
8410
1565
44973
34220
16951
7038
32795
10286
201
40153
49205
42637
6145
20595
15861
23638
8319
1722
31332
40442
28624
13236
46703
10351
48684
20430
29106
18901
33100
42396
29757
48755
15443
8076
40292
37066
11292
12509
8870
7462
42429
49694
39748
28316
9875
3978
40499
4803
20970
35780
47826
44916
35009
44348
41661
3214
18201
26414
33876
44593
2328
46151
29464
5115
4300
18009
27954
4708
28058
15062
25148
11230
40670
13442
13558
3875
42612
4824
30605
21679
39984
20624
6417
38025
13181
26649
23979
43528
14161
26782
1279
39251
4430
46617
33276
42678
31641
20494
42594
3292
8040
34550
979
28372
10876
44365
4253
1537
27818
21928
32239
17380
32555
2145
18289
33480
30860
30173
45994
18708
38571
35928
18511
411
29329
1007
24397
24454
40943
18154
2979
38091
36768
49128
1528
19995
5369
902
36601
2409
16566
21027
40223
29081
21428
24962
4396
9302
46301
26747
8826
48971
18526
15755
39217
33254
42186
25678
38674
33120
21611
28448
19817
26491
13906
6786
10378
44919
8143
8091
13583
13142
4438
44749
23489
17330
36355
29522
38243
42377
14199
23182
13919
31267
8094
36290
24535
31444
1298
8907
10482
9236
31918
33340
44658
7866
32439
3441
17178
48896
442
17866
