771
21139
29660
39998
15956
14727
47404
29707
39633
18514
41051
2156
755
28934
39555
46970
36881
15823
25257
22018
18081
41171
47912
20626
16540
23615
47650
47329
48407
40402
43861
37271
39289
48934
42352
34061
27548
22172
13019
40380
39603
49766
43736
39779
10980
16136
2430
26227
3023
36834
5871
34081
36397
43148
49806
35648
20787
48088
2455
36942
9878
2572
42202
18867
10573
17240
18609
14679
48310
26382
19412
27180
35179
46774
23272
24611
11405
42803
33338
25923
12035
9518
39392
7217
31923
22846
27479
11325
45267
3639
36249
32074
40967
1261
45631
11688
42832
10800
24912
10786
28899
6350
11583
5497
39307
7928
24154
33738
41958
10213
21187
405
34191
31128
18931
30133
34747
26956
19600
1433
46789
48158
45780
27674
48308
30499
35197
49983
2053
34809
31726
25674
17732
13777
42730
15817
16766
16111
46941
43143
7575
14086
30438
48914
28507
32991
19078
35131
37266
28351
3744
48114
6172
41886
14053
35331
32820
21722
22615
49703
4311
48141
37895
34901
6044
4517
25779
40769
6885
18424
38287
34931
12842
7660
27504
35662
29102
26143
20497
39338
36951
8808
4660
4591
12033
39568
23925
26461
49393
6894
31808
9538
6945
22397
43981
31194
24645
30426
24319
46171
12790
3663
3760
40277
31436
39785
37531
28319
46399
42112
26615
24388
26795
6550
8100
31265
25411
14144
34427
14115
37424
35559
7382
31827
17060
11345
22884
44811
39435
12522
20223
6304
9115
11822
31897
13553
25575
44768
28556
10170
36376
16229
42998
8626
38064
8958
48168
23044
31314
31233
1810
37555
24156
44597
43604
43522
21044
795
13507
33595
10587
31718
47328
45045
1865
42695
18671
13363
43554
19945
21753
13321
14478
10898
21727
20427
3950
38989
25491
29766
3574
11046
11705
29201
43532
19658
34314
1153
31730
9052
29805
19509
45469
31038
35887
1056
10768
48800
33445
30145
34255
19636
30579
23402
8277
34373
46071
19431
10512
5934
29816
44574
1113
36197
42499
49650
37161
34935
11462
14224
27791
12008
29665
37209
11229
49736
48480
14097
1190
37449
36925
4271
40151
13696
7023
30178
29610
30174
22180
41812
8413
14483
14709
12499
11517
37627
35056
19775
19372
27701
26413
43303
37859
11433
3090
27551
44384
36425
23570
17300
20806
31977
38753
25671
47862
47297
2799
9118
48312
6252
4122
28656
30665
37530
27789
41218
2237
38237
25705
6566
5291
4737
35626
32640
44030
39233
7169
33717
17741
42684
16265
48402
32210
