39282
26725
33648
27236
1286
39090
11226
29220
46145
20554
20419
16749
1302
7285
9615
33745
11566
29039
29758
39553
42281
19395
36916
4145
30602
14741
28626
24652
37483
33579
22894
16942
29376
6798
43261
36603
48733
48155
28608
2389
33449
38339
12373
39316
41737
30177
8162
33249
41833
7396
38957
9876
18001
5303
5839
18134
47696
13363
40743
40104
37457
20252
46547
32601
11394
36909
42321
46313
20361
1432
39687
46791
22910
23200
27538
9661
16886
29755
13899
30252
18668
8921
22393
38726
46630
9260
19670
16085
34422
13199
35681
5055
4463
7209
17595
44182
48534
39488
22162
37496
14237
22069
3934
19025
47215
34704
6231
19241
22339
21701
9366
13992
24929
26789
33666
19430
47028
44672
593
49523
28694
24481
45334
8514
10670
36260
2061
44622
47208
45744
43631
15339
8857
14495
7016
31406
26358
8093
7904
23112
42381
26187
18101
49281
1735
41407
16893
46448
6136
47444
31752
24393
37240
2839
32777
34408
46564
21756
13841
27432
28139
3620
4302
9825
18323
8656
34662
5504
19265
36905
41420
40726
5738
8223
26363
38990
48456
45644
44818
7233
47394
12909
44399
10363
49431
32043
45306
48591
20417
49591
44035
9515
45369
39161
21005
15506
47317
8454
35155
26391
13586
22092
47332
22130
31207
43899
47622
48853
1923
45176
20033
30663
29802
30176
46930
21485
15839
47737
42025
28671
41939
38886
37446
42811
39286
32107
5630
22998
42632
26628
30158
25188
22673
43685
25988
18781
48410
10071
48959
9981
33154
41086
10495
4433
4574
21328
39125
37153
45098
30856
35050
8779
29072
52
5697
22624
12737
11922
15850
30316
34365
28291
49511
25557
7149
47865
23140
19938
39096
33065
16317
29407
4580
30750
22495
3017
12730
34289
12844
36551
43976
15357
6237
4099
42516
49710
13516
45322
27686
21667
8890
34783
36151
39837
44896
9894
19777
27004
32969
30099
49552
34406
20233
46063
40718
42376
1880
29343
18370
30944
32131
42391
24504
44992
41238
19238
28498
34461
42511
26120
38255
11739
44386
41688
44119
44995
24258
9033
26839
43990
15721
10359
18456
21784
9811
24419
3634
3818
34325
43023
35147
47898
18281
7820
49911
37324
18223
43349
36556
5256
16877
35848
594
37582
49739
19689
47535
45606
39148
49777
312
20666
32146
2398
41562
16648
45463
40143
15512
14475
17271
29113
16592
6325
45489
28990
46291
2089
19189
38397
44095
6556
28392
44609
16829
22761
6846
9029
33982
29479
26144
38315
32672
7474
14676
2319
11806
15368
6355
43254
27995
6537
33510
15822
26592
31757
33258
11088
34411
3731
6447
47180
45814
44102
28442
13185
37919
29965
24984
46527
12396
23618
28052
20451
42493
14305
7922
33567
1961
42688
46843
35997
25781
49893
28484
3370
7921
19977
43434
6288
38838
36553
25029
9074
16372
28507
44206
23378
22483
769
44144
6784
44031
21743
33548
27775
29767
5650
12788
40382
24666
9467
12039
2943
44089
37532
380
6977
13918
31169
30691
20191
31911
8576
11010
11860
12463
24109
48618
23664
36038
12099
19083
998
32269
32786
42221
14636
20711
36942
28212
36370
2929
2607
10977
25037
26123
8091
41907
32313
21887
1266
24835
37260
25780
12444
22626
29836
13615
43358
27603
22728
31127
14546
38169
38048
8996
17768
30048
48611
28082
41428
42912
48574
31245
2730
49946
10967
41515
35480
45430
26692
2020
19759
43243
45136
46024
46462
94
12658
38147
2342
28013
13266
30616
10148
34955
7485
29422
25456
13888
5019
20189
27083
47798
31923
23125
8342
24200
7915
15417
9859
18513
28382
46244
18523
1312
26132
21653
13910
23465
16166
21278
5780
24600
31583
40042
7144
11176
22432
20653
30288
28771
40432
4791
5477
37806
6539
26160
12582
2670
22814
16362
8491
21438
42917
18375
22824
2845
38176
48607
35791
6779
5191
30604
40154
42855
26571
40854
42760
14895
32509
49473
12500
763
17921
22700
15593
43316
46326
43881
42921
29180
44069
16710
4147
20474
9988
38945
44721
20479
1633
5004
44308
28910
40246
11399
15737
45793
7961
20982
31994
1959
7105
30570
17289
1281
3272
37453
14461
22606
43621
22220
15500
14606
26824
26066
9269
18140
26758
2498
17418
20872
17085
40777
8716
1441
21879
18640
36994
39679
36127
29902
27482
9291
29280
11564
43509
45874
34962
25317
6678
10023
8428
4749
