48590
21596
2964
27844
12269
715
13584
26426
12640
45711
45155
67
25702
41962
35569
40823
46579
5832
41180
48305
41016
21118
38436
46110
35782
40291
22618
650
16048
43390
24010
36766
16966
20397
8531
15961
546
49234
26023
44138
38118
34568
36006
32992
32622
25904
46620
32161
33150
485
22663
9455
45527
42433
46277
46448
22274
5040
16989
35994
31043
30824
2888
22428
39854
14361
7000
24048
22283
31853
43248
43493
26973
17853
43083
40528
38448
20834
19513
43773
38281
26244
8816
39667
35902
1600
38996
17031
1965
37297
26044
8107
5482
45254
8184
31067
20920
41372
43005
36221
11079
22430
11733
46166
47712
31613
3278
473
9044
31596
32580
41429
20428
40469
14536
43311
10307
30163
23910
14907
44626
37770
48507
6791
38907
37102
16234
38275
12673
4917
19871
15457
28769
49035
46498
24012
26145
20550
17722
798
10448
45877
31719
15971
28026
2471
822
43603
47861
36506
7088
33155
19565
45352
17575
14598
42857
25963
47847
49036
48269
5582
31160
37191
4030
45020
33394
29659
4031
16517
19380
17611
14190
31469
19478
31958
12052
36159
11106
23913
17895
43621
26670
28831
14089
5231
27661
21101
5017
32174
26073
4175
42745
42305
39206
1931
46693
2093
9996
3085
33037
30358
5569
10377
16691
22140
14319
29094
14151
21579
47170
11804
42501
46987
28062
12204
20445
37350
20997
15336
15474
27404
48128
1145
495
15799
35020
12150
39126
4323
49531
10649
28016
27252
47870
37135
7872
43782
4261
22253
12215
39398
46279
23915
36736
26349
9130
48550
40144
40813
49820
8667
18864
33404
3752
44285
28539
12019
22090
37040
20148
39768
46181
6740
27026
9911
17051
36118
12146
36562
41866
13242
11524
5274
43257
8164
16846
46629
13536
23805
20352
49921
7131
25249
34911
12384
