3700
9011
3264
30849
1375
41115
9330
38786
22722
17586
42361
44688
27855
33547
4159
4186
35827
22306
23777
17292
19366
2031
17254
19592
4951
19911
20062
32973
16420
7321
47959
17371
15580
3549
2014
2330
33523
9210
6604
1766
14668
2928
28261
39950
16068
22218
10521
19293
1690
30869
6175
44653
15734
42106
22229
17231
23814
28979
33371
33401
1604
24060
14394
23584
40544
26736
7926
37122
12374
13883
29249
17435
42070
14703
1331
18706
28118
25311
33190
39997
38893
13454
15097
36833
34367
41236
31969
30083
11074
36705
44957
4985
1410
33182
17792
14465
31080
12164
22268
35083
36183
34759
36728
28612
995
3097
26927
12232
40448
25555
2993
18946
3717
3557
31582
30110
31240
28325
2272
26695
22488
30081
26103
4933
22521
33546
44292
18746
38435
45543
47659
14516
45527
41305
48301
36453
12352
40036
41786
1605
37910
11002
4096
45719
26148
46741
27609
26988
35172
49635
30255
42067
38117
49683
12907
25563
20424
11277
12036
49131
34896
24514
31149
5951
36572
8174
41989
12735
26772
7412
23636
40406
15405
37633
20593
26919
39672
34013
31853
43704
46181
24047
49157
15209
43914
16448
44336
12590
3439
28302
24840
7898
37592
43447
3576
41730
49219
30022
5609
42787
34360
4414
47072
41001
45046
17473
28330
24041
47058
20368
14477
10804
35315
28899
29157
1359
