13827
653
23598
12935
1067
25538
23278
44858
15740
21836
43184
14950
34854
28920
25045
14421
955
13918
3326
15708
2307
27184
4529
25242
37061
14356
13714
48710
7972
23096
12351
23087
24893
41932
4494
27181
44759
27443
33799
40213
11356
38844
8957
22145
7334
22267
39970
26215
41199
34865
38834
45391
9620
9924
7472
22510
36868
2151
42304
40690
2511
31644
19136
10713
42462
45428
32215
3364
49326
37536
36901
43319
13237
31453
28368
35974
12898
30512
16209
15911
37552
20171
49717
47846
10625
46757
23785
38766
2541
23960
28099
7604
34916
49246
38730
38035
49922
49013
26514
35481
18644
33095
34578
9833
36011
35501
1678
9768
36473
1248
26748
11485
30450
33447
8865
2167
3683
41933
29727
39609
18590
20476
47310
8707
14725
49971
25928
42237
17208
21595
6976
47008
45410
42755
39362
5529
5504
6800
19194
11530
29187
3908
10272
18856
20866
32419
4601
762
35929
25592
45574
18922
10818
23355
47878
43266
49637
41904
27179
13344
15644
4716
3398
8121
22549
34512
48748
10754
16168
24112
25918
19725
43941
29183
36608
37004
10159
1441
23379
35963
44447
34076
11358
8742
43969
33142
23216
27535
24980
29986
20711
33892
9619
15934
30875
21394
16793
44197
13426
47354
10548
30783
21395
45896
10629
40481
5602
44555
5507
18878
40866
11702
42715
30463
1099
29260
40620
40800
21194
28477
39096
49361
21329
15196
16953
35817
36620
13908
20598
32728
18783
46107
35385
1442
22005
47360
44539
35910
47209
2112
29580
43489
16600
12345
8848
7600
9034
9211
32841
1484
31787
4082
3411
575
29609
32032
35065
44281
33172
14121
48397
23266
4771
42996
16525
36966
6552
31800
14876
21099
38045
42512
16013
44810
46790
24663
42939
31876
42689
39839
748
27906
39769
13996
37869
32301
39738
8996
36645
42904
30461
30085
45315
21009
22281
25209
45892
18539
17257
4860
32490
26716
40821
17585
47913
12157
6623
10741
27060
24903
7588
10893
17615
24053
5991
3011
25772
35388
34900
8675
10740
38539
34566
23029
23986
38934
18304
44769
24736
31143
19189
14746
46141
23871
16714
36634
21104
20659
12142
21270
3378
43720
32823
20831
1335
2924
5952
31184
48122
11477
8819
29460
27821
40167
24068
23892
38251
31570
40259
8601
4418
17823
38390
29039
20968
21890
14754
13182
1030
40678
11794
19677
37896
27620
29705
38706
38039
19697
13650
17182
47979
35579
7357
24601
43553
29975
30768
47433
34270
35512
37941
