5289
29053
7583
19758
10379
14398
22729
13831
48635
7874
20377
3808
49823
11982
39211
44980
623
37005
5494
1224
33627
34401
36854
22416
18567
36557
32882
9915
21975
33906
33557
19450
29447
42659
17833
33699
13854
10343
49586
39303
17279
19311
8144
29211
44377
49813
7361
26456
37781
33744
16756
41387
21798
21641
16301
1747
4731
44941
36876
5125
17238
9484
10249
8875
29616
35487
18583
13530
9820
19557
23312
46409
12637
40093
23834
37270
39242
14723
46669
7729
34377
45849
35850
25028
25315
40899
13835
44362
2825
42015
6696
33621
18980
700
23855
5469
20523
18226
42427
1436
18760
24120
28657
31847
34639
20757
36721
6683
957
42324
3830
31905
24096
30002
36810
2777
3968
39065
26025
33381
18530
12849
14614
29864
1425
14396
5637
9576
14516
34168
19305
41231
40650
4679
32816
22768
22523
6506
36116
15582
3449
43592
4880
12078
19277
11350
41901
12232
39024
7018
13842
10382
33377
47814
49348
35799
27888
7848
45002
19031
21865
28206
44881
15964
11609
30433
7688
34624
25969
12188
5900
12386
39140
14826
35278
14925
28349
40634
5226
1496
31069
8426
47644
14061
45927
46469
238
45273
47569
22375
33512
16872
48727
42884
14405
25473
9958
39930
26585
49377
42572
33300
39602
48208
1543
36371
20040
42434
44086
20183
36423
40321
14661
37400
25288
6234
48344
19403
10674
37845
18079
44719
6474
6247
25487
19834
45963
3281
14768
12621
13149
22934
1743
13792
43414
8155
34013
38590
33227
38874
149
9338
13556
34851
23668
4397
10367
48290
12305
49257
15124
41072
33954
16964
17940
46429
26808
11532
46186
23502
36487
22370
3323
45482
4549
3483
19027
11910
20604
16641
23139
43491
33097
43366
12917
12852
9745
9627
14886
12103
14595
12915
31470
8827
17374
14675
44968
18293
28525
44512
25086
24464
40004
7960
34979
5743
25977
25130
13890
10288
11740
38387
20049
3600
15409
32614
5164
37231
43224
29881
17636
1163
46214
19161
36112
8685
1974
26905
40902
20281
20753
5344
48775
46292
20229
27007
35914
10838
33495
17407
12549
45145
32558
32719
5543
19360
39566
2386
48933
17104
5824
13103
44224
42531
16628
28
13874
12428
26810
7498
7403
31439
21300
28583
35877
44807
41928
21171
37861
12968
49508
2830
10596
5590
13279
38626
7825
25339
5898
40023
28778
39451
13521
8880
13324
46560
4618
36231
21002
46138
38142
42598
34103
19135
15437
20811
19869
22536
3790
14100
26135
12956
16225
28361
30974
9857
48986
41436
24242
24298
49496
40333
27394
3002
27764
20073
16287
21645
