38039
48219
25958
29966
16471
8085
46026
8607
48309
38635
28279
27011
382
27470
14957
1558
45765
31221
13151
29490
37101
44196
26303
33519
27068
42928
2053
9959
27255
46530
35182
1111
41473
17997
39835
23869
1637
32904
14837
35360
18604
11014
11312
44945
17743
36239
9909
24791
16209
22704
42354
1043
47240
30216
34510
21708
16894
49978
9361
23987
5002
31892
32616
33178
4613
43769
14531
1858
24513
37728
18093
25680
48377
13789
41860
3043
17679
14130
1684
36657
14791
685
20328
26122
10282
21982
49906
47413
20828
9413
33483
45260
38344
18508
8260
9496
18292
14
3022
23386
6528
37686
35629
3641
18433
33896
13286
28683
19372
44615
14355
9528
19001
17746
46195
31308
25478
32630
7731
31895
30772
40492
19999
39579
38659
44978
31331
15722
17711
48080
5528
38470
17882
15358
24483
10564
4467
18751
30125
34762
30105
34071
34931
2353
20859
7348
48730
19052
46531
29274
2714
2356
16102
539
17714
49632
41457
3531
28308
16355
5706
17257
25338
5438
8225
38825
46220
26145
33877
30967
46655
11437
37362
10126
14815
43401
33794
5293
38469
48348
49010
3859
20333
19690
1670
13829
28929
28356
3423
27868
15780
23674
26076
42229
5864
29239
11704
6499
40527
42000
33845
18225
11859
24051
25668
43828
46747
24208
22283
27253
33294
1157
23308
20700
11163
26552
19875
17115
39296
1189
10203
10276
13592
19273
3649
21996
5604
3213
9138
23922
27585
45301
30877
25805
43482
45981
47943
5156
29303
35028
24516
2409
36582
45595
12244
39575
36573
18416
28289
43348
37903
35300
10531
26083
5063
35537
23804
7911
9231
8627
10764
48613
13341
13131
6348
28887
49856
41501
47237
4623
11587
47552
18695
46295
47381
23896
23872
8379
5558
2875
8925
29416
24919
371
35768
28352
33723
16550
30525
33634
42086
5625
31271
46106
41355
36642
45540
26971
39305
28226
45941
6
30423
33506
43084
42687
14365
9016
26781
2612
23745
7174
48262
45965
10771
13058
41764
49225
37069
2106
1563
37306
21463
2603
14191
14291
39585
45019
46940
1952
8751
42988
40221
7222
46446
4002
47920
1061
5014
44007
10505
9003
24276
12750
23994
17899
30228
30147
45138
33201
13163
42288
33102
41361
27360
4200
10057
34602
30352
27818
31374
20231
9713
25089
10682
23593
47852
12777
39053
33977
34146
19912
45069
4060
3766
21902
39911
17153
26093
48431
47170
6685
40284
18401
9429
16624
11217
37915
38702
39385
42923
27759
29402
44989
36071
38582
5340
34141
30964
26785
21431
2999
30313
14910
21427
38182
46535
14983
49904
37829
26434
7252
521
9070
24563
44094
25786
49065
23658
10601
6441
5820
31707
26350
1753
31083
19065
6561
6749
181
3098
21553
40532
41009
27530
44391
37634
24567
14708
45427
25583
45309
21839
29041
34060
29527
26239
37410
3985
32055
16513
26034
31749
26648
48104
3771
42465
33348
17671
46695
38597
17029
275
38588
35538
830
43394
44640
4711
2918
11492
45760
20731
22427
1564
20456
10006
11299
48235
2269
41441
5769
36879
44833
45436
44687
35290
22492
6724
22744
3679
22343
48138
10407
19887
41615
14673
9747
43975
16324
17431
9970
23970
30190
45192
7283
27431
3497
28079
6087
26762
34827
18369
11968
13676
4272
46595
29412
41781
22319
29472
12603
15931
18307
1573
25314
30825
35400
6382
25546
45599
48152
40982
20392
42987
19846
17358
19512
10758
3748
30889
33950
27634
41130
9176
40944
45360
20332
22160
11807
16248
29719
22674
39251
48074
27956
24027
29326
6049
18931
41758
25886
1927
33953
39427
21528
1794
32557
22706
25378
8191
33697
43058
12785
36463
20397
15536
12195
7845
22228
8548
7500
37688
11393
21555
10449
14360
26670
25963
44593
46714
47957
19898
37533
3715
38574
35454
19405
11364
33726
30572
2855
15927
30804
37697
22617
2693
47801
29454
49339
46790
25102
19796
44558
25
26751
13912
19957
38490
40347
32066
4355
4406
48746
10035
19561
28997
44085
19837
13551
637
26780
30590
10451
22444
42941
10358
28477
5626
6942
37578
39558
14343
32936
30778
38898
6903
240
6145
30755
27254
7746
5062
32264
45866
38466
25052
33470
45413
33047
2209
27199
8836
10281
19044
22957
15095
7632
34575
5099
38476
46871
35970
6304
21365
13860
44526
46473
10193
46911
43442
3106
17775
49757
37735
28528
25139
42488
25345
34421
35513
9808
44666
4586
3884
33237
14129
37310
10534
27338
44442
25719
49742
13956
36718
10816
33637
39921
22098
43320
6690
4867
17867
35368
39015
23965
5154
43148
3633
11902
36276
4268
24181
38822
10171
5354
36807
2969
1289
25462
39297
15013
32412
29733
27464
39245
44641
21349
37956
42679
48121
3878
42195
35897
23219
3413
38833
13256
37230
19676
27392
41920
39900
45781
6898
28601
46044
18630
14357
8461
35792
7966
13761
9768
45566
35977
23676
26704
15912
17138
39542
14183
23861
28830
16016
41727
27914
28950
4032
29873
28061
16914
44655
2669
22123
41754
34676
5233
38447
9984
34918
43521
11214
42075
39873
47310
25635
49821
4403
5003
18029
8468
12303
42175
28029
37318
1028
34889
43297
2027
42117
1935
37786
31555
39168
48933
23518
49958
18837
14618
29002
45289
25246
7570
37552
30675
8780
40200
309
40050
28207
14774
34833
10490
38625
21712
12432
7615
5965
1496
47784
47110
47061
43478
43789
35259
39295
9666
39850
30403
10013
6206
20649
35600
20882
37242
12754
23602
40835
33631
43130
40560
7310
35007
25606
26719
36680
41991
22231
32284
45229
23824
6062
34529
3172
42512
45735
45686
11537
46410
34632
20878
10535
26462
15955
7585
39012
9141
20447
22923
34939
9396
26414
19061
46335
17208
34339
44702
26470
48887
22400
26027
11389
12289
35133
12428
15607
121
46829
45256
15989
30930
39059
8098
45727
20523
18618
214
37635
22282
26617
1016
47226
34727
12462
34773
11906
23253
40571
44090
24978
31714
42049
355
2630
13437
44059
45000
35841
26018
28448
47619
17392
46121
31392
28326
32582
17388
26492
39995
19635
36031
45420
21874
42259
43656
41182
16412
34458
28034
31379
3489
30375
25077
5777
9555
49492
5522
49137
15121
38515
25275
47997
1454
37885
32094
6783
30018
17390
907
8806
13033
27022
5635
14107
36857
6757
20068
41500
22532
12157
4140
32240
11675
2266
45978
37135
42191
48241
25893
23148
24886
12361
33226
36390
26356
22725
11386
12160
32825
1443
5036
32457
28272
38849
29054
8892
10271
19556
43036
47256
17605
44486
36721
38584
12446
27668
43745
16403
34396
34930
11304
20784
21977
47725
10426
47356
46797
10240
3138
31862
7995
2194
30911
20893
348
46652
44159
15424
41696
