23273
23660
34226
15836
12004
15760
37130
49644
30862
23731
10477
8070
45633
36805
39874
25570
10063
46496
35014
9803
10607
17958
21660
26559
11895
30290
32413
44870
21124
35298
37853
18722
48154
8298
42922
29448
9560
17317
1350
4079
16547
20276
47158
6165
29803
25321
31205
5911
5791
44087
21685
36211
8784
41114
39298
26544
23552
33662
8683
39504
24232
36212
12486
36342
27070
27777
16768
8612
30478
38569
9966
11446
46491
41636
5844
48927
1205
46570
4409
47640
5617
14581
44189
38854
33315
46963
40383
22900
36372
6135
19936
5761
22986
20975
44522
3982
9806
30127
22959
41742
37771
5485
31022
13467
2856
46175
12349
35546
27978
15709
35807
17039
24064
253
47131
40686
29212
25390
38866
17426
48738
47340
36517
5619
24439
655
24130
17855
6405
47344
14769
28360
13402
44570
19849
4588
9193
10855
45444
27370
47886
47705
4152
35447
17522
14353
917
41802
14223
27651
49814
1714
3325
3476
29775
49365
32770
8014
41357
33265
26969
3694
31422
41067
32070
916
22006
15807
11380
48631
39835
44127
12431
43756
3531
33170
5570
33026
17929
60
39120
1339
33882
46065
30112
35739
29857
18024
25353
32863
24225
20297
31123
44431
23187
6662
29409
27197
37763
26247
31567
3371
15362
40370
1517
6507
16030
22137
33993
36539
15835
21374
7963
38856
47080
43967
25489
12185
31174
49037
13292
3354
37522
30288
25571
7985
6565
3762
47895
48495
33623
37676
17020
38352
48
9058
44044
18343
48413
45400
37132
41297
41706
21543
22907
40962
11129
21013
38208
36864
7580
47998
30066
34355
3780
28329
14443
13946
10871
1021
18570
44473
29774
2670
19390
38151
20010
19516
25061
11684
31857
41279
36830
9406
48048
41291
20605
43012
27608
23165
28621
46675
7486
8829
10231
14597
48708
20671
1518
17207
31329
30941
36504
27873
26321
31192
24743
2411
13011
36592
40975
10574
10953
30223
36077
46718
29109
7346
2540
14700
15116
4139
12223
33187
11557
23813
43763
25730
35592
260
15945
47493
36081
49010
39495
20760
45643
40587
5083
45088
17863
42354
31642
11391
23811
41810
3666
29359
7697
31226
5169
10259
13425
1444
942
37327
17262
43281
34733
47700
5338
23673
15253
13533
46209
21995
30383
33452
48831
45274
6931
8161
7859
35939
1788
46240
35894
14813
42882
8791
1465
39543
19748
6882
10525
21707
9921
37010
8783
2677
43332
179
26586
27598
38988
17793
5513
32216
14130
80
14794
30807
34108
32892
2587
47538
22077
3401
13172
2938
14519
7819
7698
44697
33175
29216
40145
24752
13369
31330
28430
38152
23518
35191
48947
24221
29842
27611
28453
27385
12808
38330
14046
24365
40355
15510
8301
39929
28766
2930
47102
35152
40489
20111
9824
24772
32412
40269
34812
20356
21807
21511
43091
48181
42810
27987
