42842
31996
2784
7920
15665
7215
38357
1284
12803
33787
5041
34983
732
44255
22853
4800
39800
46574
28557
41924
26932
934
41328
36876
6118
31253
17780
2804
44021
24172
46407
20701
35919
44753
6411
26094
44968
23272
33050
3584
43218
12809
38321
40699
37872
9577
9257
2787
23526
39451
16952
45371
29102
887
39642
13397
18939
16842
20625
22602
24803
2274
35698
49471
23458
20906
49312
25770
27531
43027
43057
48501
15677
35797
38649
44129
23355
8354
37793
10524
15361
28587
9175
48308
20353
43578
1707
1123
713
35401
41172
7618
3031
47486
48830
32320
6595
13394
38946
20978
33137
44788
7381
38443
22172
40733
14873
10210
37899
6116
12774
29740
31039
11149
19326
25716
31187
20402
2601
18058
26056
47166
1902
28761
49344
11164
45587
4257
49114
9270
24391
26315
45713
7069
26464
48484
42540
14437
6261
35314
43848
15687
7143
42929
44625
701
17976
41234
42156
25509
49793
40164
5563
15294
13431
5633
28975
25997
44808
14063
8089
36450
32293
35619
18246
32323
13569
49624
6726
4899
22481
34565
29753
12509
31053
11236
46464
32252
12371
40086
42824
26488
8276
3270
32171
926
14878
32019
17422
44005
34204
14940
14783
6804
44235
32755
22672
24595
44454
23923
39701
44018
33966
16919
49934
34784
14691
42015
41537
10935
33581
36566
21261
10884
2064
1870
11716
35277
37486
21338
45157
5813
8756
44850
11404
22977
9286
7135
16203
35295
18272
14403
12007
6239
16673
15905
39166
23405
49816
40593
48671
7064
34166
47000
33039
14167
6829
21973
24395
7826
35387
17381
29353
7574
25827
3442
25556
30119
35045
22022
5801
13904
32677
28081
49617
12405
24875
39441
35420
42094
9728
12067
44008
23110
20294
40909
42385
11761
43365
4375
11835
23477
15579
14021
17244
32773
43537
27461
27710
12188
17214
33713
8413
12440
5247
43866
5840
1238
1797
15637
12253
11303
11754
12457
1973
1711
8849
24488
18917
27740
33743
4384
18744
36314
38171
36167
20220
24267
26678
43660
6405
17669
20955
3334
35558
13191
46279
33101
31997
8572
9289
4009
1659
21677
30805
22540
42726
44070
6422
5411
49642
22215
43606
28985
37228
34162
29387
31057
46660
5723
4119
33109
583
14543
35751
41467
23772
34518
37160
4000
30629
1636
29508
36192
30386
40417
39612
17131
21581
10331
18873
24802
32782
33603
3452
9199
16417
17486
31281
1225
7765
27622
23245
13139
24816
44298
8170
49412
49987
4165
21323
45560
6751
399
12495
25579
49346
17
1685
2457
19325
1652
5541
37449
39252
18085
20229
22321
19379
31020
21534
18486
27542
31276
5174
22202
46555
27608
30838
31773
7062
10101
7204
3716
38245
12526
38812
32982
18603
12793
38422
31833
48392
34862
38242
27125
27148
8750
5901
12336
30544
44133
35362
4825
23852
27023
38906
43619
18138
44185
27408
23074
9973
12047
16086
22784
21032
36856
39519
9634
34196
23159
41852
21846
10520
45398
34865
26028
25816
29655
30408
37129
13247
12816
4731
9454
19377
46066
26069
45571
15232
3627
28021
12988
26438
38088
11382
41154
14069
43759
36467
48026
2779
41000
28012
2029
41782
19203
4281
3522
47829
13067
31052
19322
22491
35195
45763
38666
32403
2118
14331
39257
32724
4548
38604
11446
22976
20939
14134
1090
7023
945
18446
41162
21525
16072
15080
36746
35254
46955
8821
12715
15393
12482
27757
45308
41844
38166
36580
11812
7875
8366
32210
49214
22969
6795
31367
48487
7466
46690
45936
18118
49321
24689
9755
48729
31936
34258
