25578
6687
33153
5811
49978
5847
47758
16433
4452
26658
31881
8264
449
48762
7368
3158
25985
21630
7156
27299
17482
961
35692
32620
46338
11813
27198
20859
38440
7579
31976
18018
44219
16130
21102
18682
46588
6702
43501
4871
36664
38973
23472
48094
27176
31504
46997
33813
21259
3154
39252
11553
3565
18918
41033
2647
2076
48522
23135
11017
36059
15520
31388
48205
3160
38470
35676
23444
27047
4839
43268
15838
23250
33419
20368
25620
34986
22586
31371
37814
30590
26572
45431
36813
25561
46026
39048
41813
27644
10864
21475
42605
38454
1749
10352
7572
41848
6039
30991
4172
16139
28472
35178
15226
39405
9356
20533
35987
16992
2956
29608
34761
37932
31670
21750
33521
38029
22608
3711
48227
597
23822
48840
11555
11478
48729
46147
39782
35499
21128
29147
49926
36437
6460
41079
9409
21402
40281
24720
48613
43581
9818
14543
2221
15551
15110
37791
21364
25403
14631
38191
9847
25854
16316
36753
23869
48052
44148
3003
3451
14497
3580
29770
37759
36528
17878
19999
8577
9210
48133
38431
39239
19022
21469
14212
44598
10534
42249
20282
14367
25140
6667
27920
48736
24529
24785
15728
32185
48116
12619
29273
26610
33845
4565
35147
24835
38486
34065
43411
38714
34260
10846
33396
23016
4922
4584
6642
27910
9944
18187
38024
12660
401
13245
45656
24870
30128
34825
45161
31019
32268
41509
529
27842
3984
10447
35578
19625
33068
22903
5363
38998
48574
9930
40759
7122
1158
49199
11775
49104
10545
44282
40296
39731
1736
434
33794
11027
35665
12220
43940
12395
39818
6325
30049
1954
49025
28684
41748
20243
24313
27557
11678
7717
19319
42820
855
16115
32884
7792
4304
6186
33397
13289
8278
9342
24694
22735
42011
16808
25798
19925
1226
14590
32906
26107
32349
33373
13054
45861
38805
20486
801
48604
24347
4715
12059
39263
9059
10293
24919
48975
40359
7092
34356
3052
47972
48014
48794
16743
37255
22250
1343
3081
46955
40827
24190
7044
33285
34571
46923
8370
25298
47665
45770
27117
26874
5318
49764
4779
18919
43438
33594
27666
45658
29249
9955
33426
6826
33063
35189
34731
30879
