11588
47992
14687
35202
29095
8432
25925
40014
15208
34936
19629
49941
14112
27364
12661
49898
26443
21551
21081
13340
26829
25811
40955
2539
35455
27361
31712
49461
21887
44806
11710
5087
43548
49056
16217
19851
37994
32311
16100
6013
5477
7187
17724
13742
35983
43636
38342
10210
28802
10422
49955
17001
14515
31013
46683
889
11525
38720
23097
9507
17063
5036
19571
33301
28629
16831
46485
8398
28524
37870
1733
17597
20733
251
8478
39927
10771
15597
38638
34755
20583
34209
16895
29991
46400
6591
13474
48643
37718
1246
49420
22612
18234
6240
27183
29487
38488
48035
32809
2908
39053
3439
3108
36392
20117
22788
39196
5735
46547
1728
3070
10346
33062
40982
43220
24792
32037
17355
11313
6024
24926
6697
37632
34414
15361
35867
5247
29931
22652
15203
16441
10887
42174
14363
40289
913
48472
7238
26665
12039
16070
27217
18473
40218
18045
15980
41544
34069
18370
32815
28648
36421
36464
40505
30055
46984
20977
1756
34856
8546
37648
45929
28877
27480
24559
39550
48284
35540
21056
4920
20357
34396
19899
7289
19176
12205
28546
17167
49685
30610
4133
45446
26944
13248
9301
29534
16982
13821
22547
15579
32496
37150
20731
15860
23479
43021
42823
8914
30750
33938
2552
5303
9690
33766
27691
2741
382
34005
32974
17066
16526
40025
36491
16607
2728
35371
22813
29492
39689
26409
5080
13753
22672
26879
36471
806
8751
45137
4861
10760
35190
3770
24144
40433
42732
37262
12079
10659
1547
5738
8722
10796
32985
2814
20591
39822
43027
36640
2887
34169
12075
45204
14486
43245
6910
34625
3346
43103
6985
11549
31678
29122
4868
17588
49243
15382
18678
4260
11186
35229
34190
34288
18377
37286
12310
39414
32659
45995
29317
265
18777
37213
4402
14647
17837
1580
9783
39067
37050
7272
22164
44000
23879
37668
40993
3004
5648
25767
37410
20078
2376
36096
36858
36883
6147
16135
14059
43211
43902
47414
20347
13368
42219
18959
19363
30063
2640
22808
41104
8566
30915
41556
13220
5944
15272
6465
4497
14215
12393
35845
30093
22769
21173
19885
3245
37543
40185
24577
42487
25732
34001
30538
46078
2750
49061
4746
16428
48803
39706
21637
8563
19994
24248
43702
43959
31334
29918
1783
25157
14345
35865
10650
15770
1923
49151
19587
23585
32314
31673
23046
25618
39301
9566
14399
23465
41754
23209
44070
12005
49161
28044
