5671
829
43657
39379
39534
4965
32351
39339
47738
866
10464
40124
27601
5469
13105
43570
25917
32366
39578
15310
34235
17078
45666
29689
7309
36828
3178
26421
37106
48745
11733
13458
11858
22390
16285
14646
724
14121
27915
16515
14372
6670
43524
35951
32070
45832
15626
27377
36040
4628
33773
45797
16651
46045
18125
28714
32101
40658
45353
35100
15778
38136
38517
370
11596
40426
46538
12083
42272
26192
42085
2006
3686
22106
49557
21172
49944
1370
37914
21890
16657
34489
44698
38158
46765
930
23033
38145
40285
26856
38523
47953
17964
44585
27827
39172
19518
2558
11323
2736
7957
48244
28124
32181
12872
1744
36756
32950
32611
9388
34401
26885
49785
24923
36214
36789
8155
20506
24776
28943
41678
2189
14420
24881
34969
32757
41693
11710
24171
49607
30152
17572
7142
10686
44601
34470
34770
37039
28000
34977
42663
30933
23554
29016
10901
12281
25859
17884
14670
8062
41793
29392
44184
28020
9631
45912
25729
29360
35879
41287
2966
13862
2404
46522
21935
48788
38536
20181
16788
29747
21669
48623
13675
14855
10513
34858
7668
17481
9948
1138
41713
41680
47233
19466
26903
32321
3282
39058
22579
17146
7041
5854
21538
7883
33203
8325
28638
15081
29695
40568
39177
46096
40236
43751
49102
18635
44300
9739
4087
48902
28846
5314
37072
41558
8037
15767
13269
36881
2156
49518
37757
6568
24350
19662
25672
1366
49589
34227
14133
46022
18124
