1042
19847
12638
30848
33632
39665
41451
19781
46226
2315
11074
31426
8609
43825
21845
22149
14802
25512
12316
27740
36968
25842
1573
19861
46869
49824
7258
414
47897
32048
5030
25852
9826
8246
18463
13594
16458
8887
397
5140
22101
7200
34561
21484
42323
20950
37431
44050
30881
26692
14506
5024
10964
38074
48178
8085
20314
370
5251
26666
23629
30884
11090
1955
3472
73
16745
22955
44659
49488
45256
16917
24862
46008
23704
266
45194
6751
3074
25199
3553
44073
11825
20594
11502
47848
15637
13422
2827
18732
11662
14893
9072
39516
3034
7168
2247
42575
28101
29287
3533
7738
37541
15677
46149
36395
25921
3067
2559
6883
14360
22476
41853
26964
14749
46499
26127
33299
47671
7620
12225
48717
18757
29571
23720
26274
19828
3758
12200
19384
19158
24320
49765
47707
8027
38380
754
19281
27192
905
2977
47374
13308
29300
27266
40545
39663
6340
43573
39260
16752
6541
43142
41480
28398
23428
32408
13873
38282
29786
24813
31883
14953
19797
21520
37082
21819
8269
39492
36033
25605
47394
37391
19445
6825
23545
31680
11200
1324
44972
6619
39506
9212
1584
49529
28757
22442
47613
47300
7653
5585
3206
37114
25370
47095
44066
24754
23588
1247
18992
44603
37331
29354
49776
40996
42664
3388
11467
959
44213
32124
10489
3239
42493
9808
49598
3570
21934
41572
10251
42593
29082
4154
32774
43357
32749
313
27793
32276
31944
5167
34325
45331
6300
23217
38729
33241
44483
31590
8987
21559
12561
20802
31599
2100
32979
29376
6477
44240
29117
26297
32718
43498
21463
20121
36707
12418
41917
45908
34492
11086
7741
23053
9547
13042
5758
35313
9653
11668
25652
5228
15142
44426
11315
16879
37178
40925
31259
42699
26327
28538
35026
12708
1225
42311
28734
48104
3717
1615
11590
5385
46825
12168
5545
34593
4321
46215
31098
3659
35477
26420
34938
5269
28596
24371
21899
15575
41726
3019
28628
49431
30312
27231
12869
4244
44670
44094
39406
17155
6374
10755
45222
44564
1872
35526
26641
26913
12327
46914
23614
34228
19499
5335
20009
19710
29940
14804
11489
4184
19264
7507
10325
20179
38784
24001
44239
15532
18791
43945
10538
16416
42960
18933
41174
47983
41597
30320
7890
5270
8236
45573
19178
33297
20644
2342
44726
32521
35110
38823
30588
28975
46331
34695
26072
6838
9636
9101
21215
15818
40621
13733
27052
43428
48625
10819
2277
36129
6652
30152
17920
9962
42029
19787
7183
41366
19601
8861
35330
45769
19202
23511
45303
42919
48027
4284
46311
30964
24830
30056
36074
1888
6512
31248
47683
820
46727
22104
42748
33768
47081
19694
36653
13909
25419
26980
32403
5441
47142
8471
26637
28090
11276
40867
21564
20718
2991
17313
33978
4986
19235
21601
6853
36715
