23921
4882
40580
8560
49149
38961
28915
38904
38280
16950
25677
28411
45172
15542
3448
25875
44944
2877
24218
1276
15198
35138
49328
46071
29452
25528
1703
12390
21880
4094
34036
26532
11342
41179
20987
35449
12604
42732
41117
7270
8889
45003
33834
29705
42009
18785
30695
23281
15155
22804
14865
2416
9806
37234
16960
4491
23424
15862
16934
48599
42734
41632
7098
14067
42970
46239
20807
16101
22090
32163
22657
19937
17062
37707
46975
42462
29702
17890
45271
36571
17462
35442
21594
29494
38442
10879
37568
48054
36123
23583
14253
42943
33382
37977
19840
20261
14028
8864
10760
22786
22791
46222
30906
13590
43883
3535
3893
14954
23634
15704
41625
28705
12041
33055
41691
41821
26773
33502
40925
18770
37527
4391
33868
9393
39075
38730
33861
29468
18812
1142
18343
38743
22777
4262
27795
33944
20590
21521
49579
23220
33145
12945
9452
1857
27949
29575
18279
37628
45650
5711
39786
27722
37808
17536
7236
45119
22044
7993
25195
40047
8141
31298
40159
37921
41765
4868
28116
20985
33167
9699
25142
11295
19139
1135
24069
10548
29429
19933
1822
16151
27916
28853
27381
21038
21909
10128
31102
10615
8381
31373
11948
16402
35374
7850
10709
5378
37045
19383
18732
47405
25404
19186
23737
42924
19858
46876
24188
40399
48524
6257
7111
42833
3364
21356
25915
15690
46254
1473
1833
49364
15004
19510
33530
156
7410
3256
40838
4237
13435
1861
19460
37376
20517
3394
24615
41887
48956
4426
41798
38090
1133
9670
6768
41880
35478
40814
22937
29106
7469
4260
37825
1091
8211
12648
9272
27705
42096
35423
2595
11013
20423
28457
37126
47469
48757
39569
43055
2799
21114
17591
4231
19347
23996
18507
40902
32553
37853
30951
39544
195
20008
20355
1352
28094
793
12325
36501
38153
6566
48043
9021
26445
48669
42813
43514
18177
42600
20152
48811
42426
24033
24020
2229
4366
43876
14400
30816
45895
41464
32949
19283
28817
5442
31496
47500
18786
114
21047
27330
6850
4394
33245
3749
7131
49091
33940
46578
48363
49733
19657
49198
1211
10677
16976
19941
16315
21634
33924
20345
47951
31980
33789
21738
40914
30016
27904
40277
15395
24196
10349
8265
21616
49805
41277
37815
19930
26826
24882
7191
14627
6872
15611
23294
15516
32978
38379
45652
42101
1129
14540
41449
30303
6038
7986
36726
11409
4526
34630
35496
38209
49094
34478
41684
20857
4593
37009
44859
32327
31804
49079
44493
1674
8167
23162
42578
4916
27181
40761
41204
12944
35310
20300
17105
29576
22723
15634
42992
25837
18036
18393
40112
11152
38236
26441
37591
3288
34293
42320
43289
39557
43404
33474
27590
26290
21627
34601
21239
22905
37191
15173
20876
40027
38959
5925
5501
28685
19924
15124
20638
22332
12695
12820
27292
45494
11953
4900
37305
9219
14487
47243
38163
44670
27197
24370
41742
24806
4185
21187
31023
26301
40956
35795
2667
34359
40343
25561
28803
32361
776
49780
32046
22588
21704
6114
23894
22329
36431
24506
25425
49820
36811
2881
46468
22351
44186
21622
48489
34683
40738
35253
19844
585
8728
10351
29656
23097
