1548
16892
31256
13713
6243
37866
148
34819
38321
25290
30315
42386
20503
20864
8913
40820
24777
28246
44680
44474
11374
8321
34227
4352
9638
45102
36090
43302
18259
34877
18641
2660
42469
5700
36886
9472
16403
40765
37703
4542
14801
30871
19199
33015
23152
39000
27010
42134
10363
23256
18173
42118
44939
1777
27153
15913
46758
18272
24219
31882
6326
7292
29531
40028
21961
42940
28637
1499
28943
43800
26429
10743
30339
49865
9272
14222
49602
18365
48834
27882
6120
37285
5487
49259
33298
36975
36223
26125
26838
22457
5645
8021
24836
6226
20057
1011
1346
37398
46972
6492
510
21761
48950
1506
10928
11683
366
27076
2820
36362
26381
8008
10911
29868
35554
945
40956
21178
7203
42301
33781
45230
3552
32919
40393
6060
32395
1884
16402
30216
45560
43237
33833
45183
27225
2724
18090
15842
36794
23323
9943
34692
6169
4367
15147
33414
32317
5962
18585
48520
14058
860
1878
34167
26074
47775
14062
29840
28264
27308
44634
15215
31710
17431
31770
25287
41524
37062
14558
28667
23664
43140
7510
20262
4561
927
37358
3116
2445
38777
32723
20290
11384
26144
45720
1676
8453
34790
536
47349
35835
33841
43952
33950
33369
6773
11879
5683
29996
71
39789
6015
33131
18800
47448
43055
36870
17873
39302
19536
19155
2490
34106
42043
49756
47960
15294
43842
4105
35883
19719
10688
33415
35183
2126
31659
22329
12257
20246
33196
8090
43821
40792
847
4834
25622
23103
17785
22929
37227
15047
18545
48515
34663
42398
35639
36267
38842
48939
26306
40214
21426
32012
16772
44874
35338
31321
29932
42741
24675
29368
28135
20047
43031
44872
21793
44922
35561
45648
11739
38561
13135
9517
11820
1031
27
7701
2352
7899
5118
36756
25351
130
43839
14605
38346
33317
40873
30483
43684
25010
45413
16395
46326
27985
44771
47019
47673
4371
22518
29781
9516
11335
16447
37663
43820
26703
23033
8018
44573
1952
14663
12929
24738
27368
42941
38384
857
41891
5968
15946
26042
35853
47320
21766
24824
44069
13277
25200
9099
24503
40266
13707
27583
49364
10451
44310
14264
7881
22099
13208
29437
49169
3264
38863
7390
21167
31671
24790
36170
28334
22093
42969
40981
26530
23580
31088
20509
33067
26497
15833
24968
2283
14824
13090
43695
32672
44128
46764
37203
32578
37976
46868
44130
5586
22070
10813
36576
2147
36787
14149
15587
45181
12563
19954
28337
39329
19964
48596
68
12595
16486
39921
38840
30671
15096
340
30826
45499
38092
38800
15352
9731
26603
36029
