34736
49498
21389
43898
35984
46644
27128
514
44598
33271
5634
19660
38269
34691
4576
20935
44590
6549
46008
11862
22254
40762
6075
47836
15422
37639
15759
41874
44354
38471
2339
43954
20248
6909
19390
25257
47596
11684
21311
33180
28957
11038
3466
43485
10562
20250
75
23432
28814
11687
40422
20241
11919
48393
18958
8373
39715
29209
29925
42362
2634
4275
36507
46637
8956
34526
6517
32608
33064
2482
15914
15432
22874
21186
2421
36105
19826
7413
38445
44099
11333
16275
16635
31238
22019
39005
21192
23374
16307
7699
43330
4994
15001
7373
14402
24129
31633
24432
7462
36497
1849
35814
35159
8740
8014
34800
32435
11868
8971
20944
11182
37465
36888
31333
20613
7424
49659
40632
49697
14753
22667
31297
12984
49322
7277
14817
30074
33719
44163
28024
32979
47512
11308
12242
47627
1362
7729
19816
15899
48606
40705
42466
46361
42852
766
41433
27340
32779
47209
46550
31769
46174
29993
42717
4983
8320
9652
9353
34399
49999
38713
17033
17277
18534
10103
16475
1796
40919
21623
32317
47181
32983
49382
17633
1786
563
28106
30409
2186
29057
3150
44121
13322
34108
24645
2147
9812
45791
2017
12123
36247
37715
44791
35321
21755
5185
11600
34393
34729
6017
28919
46102
27136
4065
37073
14179
31916
15134
32943
34593
9443
37393
28844
24339
45140
44504
27720
13698
4212
166
37657
14592
42366
16014
5717
25288
8229
4383
26102
23693
9277
16190
4925
36315
22716
42290
42744
19244
24732
5829
14315
11477
31517
20151
25822
45365
174
40852
47096
45050
15251
16240
4277
8308
35010
31681
47756
569
33282
16534
22989
36729
2927
40840
23830
6935
20121
45578
1126
30297
3290
38478
28119
18159
36648
28541
9031
43763
15754
44357
12130
26923
47665
41124
39929
47357
41961
14506
42431
35303
36246
45812
41035
4821
22770
48759
4323
41712
42233
8764
22765
45944
35464
19878
4015
6098
7818
30330
41787
23221
25529
47712
49519
49600
8311
28404
45227
37809
41589
43286
8838
3739
42334
18076
11589
36205
46666
42029
11452
38010
32112
20544
36134
40671
13964
38418
36181
22048
4306
715
20863
23951
28864
25027
15814
10466
24414
21630
10924
26964
39580
46339
28851
14928
43558
33442
6121
13019
25996
15501
43284
16813
10010
3417
48425
18858
15864
29618
2707
38770
24341
28110
35981
34895
40122
47695
40837
4013
22637
578
17781
37477
39581
32147
37049
41807
32792
2974
36004
49134
42890
17212
37538
15272
25485
44830
43193
19446
445
1879
30454
25120
43974
19441
47501
26277
37227
17079
2764
29713
23411
30148
43895
18908
18136
47709
2897
19116
49185
6812
7456
38023
1212
8350
18723
21533
6452
703
