40057
38347
22451
1836
18820
2465
35122
21950
29508
30687
33111
49867
27697
3018
13266
41497
9926
10104
16256
11466
8210
3782
28557
34057
32002
18202
47435
44206
29098
23094
22147
23569
14216
33704
37088
29228
47412
5610
9126
2715
30307
33846
20865
31163
8490
28779
19631
14462
43834
38137
12447
38956
10605
21414
47909
6801
39896
49854
24322
29843
21317
17048
39862
8781
48756
12152
49949
24014
23534
46722
39470
42614
14101
11592
22404
39670
44292
12801
34729
2706
9558
15323
23628
21467
39107
5809
24031
19025
48103
33302
48298
44688
25721
5644
15400
5998
20122
33515
10832
21401
14741
7977
38429
41149
48711
3099
48857
44632
24583
20355
28119
42827
7433
40692
9340
35480
37153
26437
43630
11774
12996
33107
10530
45644
38090
22447
33405
34749
1407
16913
6843
38912
9413
35355
48231
47469
30198
35494
10716
4320
44140
27933
31511
890
3331
46667
22118
34998
21855
40577
18326
8176
13062
2261
26261
39691
48722
13274
40980
4275
2313
22466
24974
44363
10157
36767
40628
359
21724
7835
14762
19313
38167
12501
14496
32230
1613
38395
41629
28649
11283
44343
16071
41724
3916
17174
40060
28226
20916
5982
17904
16857
21672
27099
25057
42459
31498
43072
19050
7359
40459
11604
23267
13503
28122
28901
22932
9922
31425
49225
1171
35396
40723
37556
28758
48350
34462
4420
40572
10845
34942
41295
19850
14693
37000
45033
15806
11297
40415
14244
40334
15824
40404
5325
24858
10839
46698
16638
41322
43626
35652
10299
42700
26120
41432
39541
48143
33511
16654
11469
32902
38309
10166
4226
42967
6019
15898
8796
38317
21906
14260
30978
5705
16999
31748
19421
5311
44884
26355
12434
40688
1035
22780
5751
1282
2473
8673
20398
2069
2410
16873
24920
36770
