3888
10160
13504
9000
8597
4203
47032
14920
23973
31523
36936
38474
33089
41395
20691
1306
15928
49254
49
24216
33194
49895
38345
13298
25002
26856
26449
7640
46903
6254
33226
46585
46341
39389
2532
1486
48983
19146
35379
43109
8200
24383
10070
17308
41362
45835
17619
2173
640
33367
42709
17080
22901
17970
31527
46219
44955
10577
48063
49979
38232
17461
45239
44790
43641
9976
47905
4108
39715
36025
16945
35690
47624
16562
22766
44406
20129
21502
33519
33639
23620
48547
8260
40059
43270
47590
31674
28893
20822
36743
7225
35527
12675
23454
47240
48667
32267
41982
43488
2591
31479
21661
43899
33995
32340
44214
47513
43919
24682
34343
22450
12688
49141
32682
11512
10685
1328
3913
36384
3140
12510
13781
5280
12887
28674
14221
26434
151
35069
48851
20309
8727
32808
43231
25838
13672
47378
46643
21379
37434
38667
8628
15670
6141
30616
14484
17631
48391
33720
15070
5237
22950
38131
23769
42632
28664
18497
36222
13590
45596
12125
48870
15813
183
20701
46397
4191
36243
7759
19200
37320
34287
30629
1488
43719
30248
3615
30001
13407
33823
35
14946
23471
45575
19047
44813
41264
5
26160
40794
29984
40049
44510
43889
49915
46264
30902
4567
43434
34435
49728
34115
31442
8757
36730
7400
24027
3779
26551
45641
8547
23893
20890
44877
16903
6050
24695
12334
15270
25167
26779
14185
19934
25329
33919
41680
15004
38544
15762
33085
77
30632
49700
46246
14300
17459
29132
7134
43628
15370
33748
26813
26520
3621
25156
17340
27315
34145
13663
16648
12155
834
13409
39445
36370
6595
39002
16986
407
11123
5321
17160
33114
15222
22351
10439
18803
43894
13762
49577
49568
5047
42294
16667
29226
14528
47254
1766
31092
6785
28719
49861
16689
13509
31733
27063
38914
36365
14672
40919
22408
12545
34224
23842
19438
35600
49247
33442
23841
44975
13013
23239
19442
27957
13941
40736
14935
46050
13418
43384
30586
48732
41327
27748
49193
18681
47902
13359
5632
23944
23389
48285
21542
42100
10869
33477
9595
11268
40677
288
33084
30169
9396
29947
15455
14025
21870
16151
38357
28487
14937
26338
40310
33901
46063
48185
42444
32510
14868
21407
6505
19698
38921
13694
47294
49293
720
44622
30744
20141
26021
22890
26566
8557
37662
30971
32896
30211
1272
30386
18464
42486
7607
11410
37546
44116
41849
4940
19325
6673
41441
43737
24160
427
13295
48460
26457
17983
32931
8894
1612
13081
49220
12292
