41571
35836
22690
29499
26494
93
43385
27163
28767
5796
16511
42155
27487
43198
25230
557
3063
1087
37368
30202
45568
8773
23685
26938
33186
36260
41237
24046
39208
15568
2143
14309
5603
48475
44748
28776
11711
43277
44294
28489
6867
5242
5750
35072
46616
45981
33335
12493
4896
6794
43462
47140
7922
49470
30037
14373
24816
4179
49657
40988
16011
21989
42495
38406
30231
42620
1531
10691
12247
44231
29372
5196
34608
25302
8921
5987
13727
35433
39073
29452
10280
41465
31115
10386
7680
23039
45100
17922
9218
28597
16568
12992
40633
27696
39868
14969
30645
45192
13072
29193
30073
10632
42019
41309
1069
7393
9612
15429
48863
1505
34760
48240
45591
40171
48091
42040
22778
7858
21891
49522
5516
48435
14418
15652
5635
40047
40907
15583
5621
38147
2042
7885
468
9727
17284
1126
40301
41145
46179
12160
10998
2478
7411
42149
15402
4229
10295
10037
12622
2849
12909
22376
4693
17820
11464
31550
29013
47709
37793
48879
35980
42714
6855
23794
16072
16237
141
49347
7035
654
43131
23504
9030
9789
18881
36113
49981
15591
40570
13629
45952
30496
11064
32792
1077
39092
36976
49742
9929
49614
21343
36823
3522
20715
21570
135
19978
13819
36739
24099
33847
7626
33121
18094
20819
16068
28055
19501
32685
12024
37993
16299
48850
24289
35825
43809
28967
16932
46467
37002
10441
32754
34174
10841
33590
18533
49726
34474
8279
42852
17676
815
17395
31239
20989
4484
7065
24133
36250
34437
20192
1770
500
35028
16521
40208
21378
40781
39837
44529
48182
