32671
41102
21787
48286
46274
35736
10642
41834
20152
43701
15577
7508
37290
22728
26937
1536
18253
13830
13807
30104
3068
21933
42837
10761
42838
34399
36291
38042
36855
5768
49223
12981
4187
45727
6040
41952
47509
25024
39198
4061
29697
34471
47515
8633
19977
12210
3822
1622
24821
43567
28183
7002
39400
30350
49919
23921
20032
5014
631
33969
31967
4836
33230
47308
19811
26007
42375
947
40940
7598
12027
41492
23554
34002
43475
39623
24127
35730
25006
10939
12412
14168
26940
4866
21067
13659
38227
34956
31848
37333
39536
1342
47706
5069
18363
2705
7761
16238
10298
14265
43084
49599
7804
3745
30668
44018
24434
7326
37729
32088
11116
40273
37063
41404
1759
10514
16875
42308
19253
29063
36321
31447
23442
31636
36572
1237
45086
28662
49413
16534
2610
49681
1302
27940
19984
21833
26928
48012
552
992
35070
26962
25098
4886
42966
6797
36430
19306
9179
33135
34835
24023
28611
21600
17232
2278
512
26124
46418
32
27532
27064
15779
13838
14038
11842
36808
36741
8347
41796
30217
15391
1244
5875
11857
13948
40683
16987
16675
38455
35463
26984
10686
27135
3094
21797
49399
793
39403
49972
1394
42455
29661
47677
37656
20682
40855
21087
1845
33812
10531
46155
2149
28267
11732
15200
31826
2081
11036
39501
690
6981
2905
2229
14003
16850
15410
47947
27878
30724
45534
40738
27102
41665
40132
47915
25000
21212
12425
3006
12572
12840
37351
3741
8007
35890
41065
26570
17455
44687
8153
36525
19282
40715
3263
38136
15546
47851
567
10051
12209
41306
3857
42488
8041
26407
28692
2402
21767
26204
22360
41130
23999
1805
6849
14024
680
39910
49822
4252
47602
36887
37254
33698
18113
30427
36699
13517
30818
9686
38530
27057
7945
4492
738
36061
44460
36440
33455
26542
18584
27698
28036
30387
5163
25556
36508
26793
16827
4326
24855
12498
13310
36331
46231
13497
8792
38425
5838
107
43202
10369
29438
45467
25910
3340
48952
33222
40574
614
10820
11999
7219
23263
31266
34665
49174
49904
28228
45869
4478
15767
3064
3131
44115
5065
30269
13067
30096
41687
43460
31798
48261
48535
22425
36584
6334
27986
11474
30102
44791
21360
15508
46723
26708
31029
5388
31586
19646
7235
37397
30533
958
2360
7951
16842
38549
9443
16171
13031
22499
18853
35704
1769
33249
5143
36335
13489
16818
13428
24438
29541
2154
12577
1979
43748
10878
23779
29698
34643
44316
42390
12551
21901
3854
31136
22245
3703
