35210
15094
40692
13832
17025
37204
26543
36196
7203
20099
16029
29404
5379
29886
1877
45147
28003
15462
47401
11371
49870
5664
45930
16321
4259
3006
19576
38809
42846
33846
44202
20255
4497
8082
39036
1845
2128
31229
28100
10546
14776
47732
22412
7120
45829
32481
4350
20077
13617
4600
44712
26861
4329
15456
45034
22762
19609
15
36113
43803
28942
10986
7554
4144
45253
24733
41110
1265
35193
10493
3552
21943
14611
21529
12263
4287
20216
16335
37411
8444
40900
44575
11608
36270
22581
49291
22463
18621
6805
21923
19507
35298
27901
27598
29476
18207
13478
30449
30368
26370
28566
1832
46277
25414
13233
6222
19750
15238
6772
23096
42920
31737
29686
41196
5404
42627
26001
24876
17439
3164
10262
17728
1395
47440
31832
37875
24399
45536
1862
4016
46213
18018
15567
49796
18016
30042
23846
19552
43645
30549
19177
20370
32402
43592
27382
351
16864
2899
29943
38724
46696
44330
33097
2778
45887
33283
28600
40075
40449
15373
14180
8453
10050
31536
47173
11713
37050
41973
10891
39041
43074
39608
32021
33882
44230
43635
19981
46271
46445
48732
35383
43364
28321
25125
34559
40278
1632
8106
22362
11015
41652
48718
35687
26481
19735
14650
38538
14551
16856
22147
2518
38079
15841
23862
4940
7106
2086
5930
36016
11050
19682
15701
9480
22837
