38937
31399
34463
13054
43882
29697
25322
16581
23071
33908
12746
27228
12138
44314
44500
49867
49550
37281
22066
23529
43418
27665
25024
15522
17753
26624
21827
28300
45564
43617
46561
1762
19477
46147
6224
39869
25276
376
93
21265
34503
36549
37906
18653
44160
755
43441
34379
40261
45836
4894
25248
44304
20303
8526
3187
7970
20403
11466
9891
1345
38396
35054
27279
10085
2528
34348
16804
3790
6221
25084
12345
44737
26126
42421
3217
21970
45368
15768
31013
12424
31161
10809
48401
41835
48922
2727
42788
46200
14090
29834
22691
4605
22018
17346
20459
37721
5554
31106
35826
44913
18467
47787
11542
44459
21209
26209
16604
794
41873
36230
16549
33610
26646
7749
24845
28451
38375
15170
25390
21946
37631
48357
35806
18953
44324
43626
4565
4014
31657
18352
9193
42193
12016
47985
7499
12921
5304
23976
30704
10439
19758
33293
304
27449
14735
4844
35726
39411
47697
26219
31687
15629
42588
42661
25064
4284
49619
14622
9302
23655
1905
22183
19720
28710
35256
12760
37196
27735
2907
34808
45490
6054
10581
41769
19961
24441
35492
25461
45139
23752
40279
46628
29972
33260
9609
49615
12246
46623
39741
30560
49370
20006
33094
23215
5350
10423
8915
2596
22239
40618
6767
39484
49640
45267
43576
15228
455
5926
35637
11914
25800
20078
32011
19562
15259
30342
48332
32166
22449
774
19590
7781
1726
24576
18436
34190
415
1040
28357
36703
7501
47167
16964
34144
4961
22972
37398
11455
32847
38754
46255
37325
35292
33229
27509
29874
43100
4938
46748
16487
22906
34548
1736
48258
32113
9688
25196
33545
15541
8066
13309
46653
28722
44496
32246
46974
19715
27037
20946
44220
12902
26334
42562
10934
15140
30396
27147
15859
32583
37016
47624
42711
577
4687
12779
27964
49922
4292
44516
29537
757
7689
44416
21808
43173
13872
44286
32144
29858
11017
22713
22285
40263
16035
31148
474
18997
28018
31609
47886
2141
7156
27616
41342
7121
3404
3888
42114
35722
26798
