21637
45063
13487
46846
35255
23332
28483
10044
21330
25419
1859
33576
47642
42194
9618
22585
44789
25401
35086
21458
47942
10295
1273
2924
22111
26694
34685
2316
28146
22446
1019
32654
30786
41942
25627
12622
46151
49303
25217
9276
25441
42442
6827
5272
38695
31831
42666
1278
11841
2256
33240
16182
42351
41945
45257
42097
32986
46972
19411
16902
40844
22256
11114
11016
46425
27864
20704
19382
18601
32190
37676
23073
18383
48479
28370
21056
33044
17352
2357
2715
39273
33415
8967
16297
8273
9807
44848
31653
14709
32827
44006
40023
35067
3499
26418
13142
17856
38678
25038
31152
6515
39522
19397
5238
2467
37437
3207
7940
49809
7853
17648
1105
34721
18733
23352
39394
49246
21441
1184
11620
40506
17280
48170
26312
48529
13864
45183
25445
49514
5353
4838
6419
45439
10930
48755
26587
10523
32718
32564
34711
23893
25012
40830
3664
32854
45976
14258
13733
31137
19057
36695
1510
30102
25267
24709
20901
17680
49232
45205
3133
225
44109
9284
25455
40968
9118
36983
41108
35231
18015
30719
26308
16319
46978
4560
43372
21851
11166
16330
16685
9603
16672
22622
14083
24384
24077
41595
14211
38450
15939
38384
