45209
48232
28822
24887
41522
26538
7202
43275
14326
35506
16351
6932
40636
31143
16690
41533
16820
11803
49460
28418
105
28245
4673
22790
11398
37062
30082
3408
32603
12413
44215
36986
43226
22263
24308
5005
14105
7806
3993
41928
10806
33527
28652
13379
22371
18903
30673
33667
12366
145
23050
16926
16966
7593
47454
11964
25141
24902
3196
18415
35327
34022
6369
15298
36128
27061
25535
49216
7255
24787
10326
31402
22547
8087
16774
14560
38707
47625
20592
16761
21367
11597
18303
15092
47620
40307
18643
49848
24471
32977
2658
12127
41007
6766
31260
25067
24743
22292
47397
45862
36896
35481
43088
721
38037
47519
5266
8047
6127
2405
7107
30689
17234
8674
29043
21224
9834
46465
23780
28763
13482
39747
36676
44699
46476
30622
12559
41143
30730
49711
8868
18779
37211
36659
38549
17888
21174
22234
37180
36174
16555
13197
32796
36073
2428
48609
4160
34700
6027
27595
22109
34248
22101
48808
7307
23625
4679
43351
14657
42141
49027
5032
36635
17047
8732
12486
6790
11944
24852
46796
631
19536
47568
35247
20340
2204
22948
25641
45593
49247
44410
3925
9653
21782
45272
17815
43637
41027
34048
4331
34343
38208
26604
45497
7728
14925
6480
21652
1978
25284
21686
26994
32837
41805
29751
49353
783
1199
10556
11969
6521
12727
30815
31005
47065
44673
26657
23742
38054
22607
10140
15367
22057
4398
213
18190
32421
37871
45642
18019
13155
39723
4206
41152
41309
8209
25645
28107
2065
42549
27809
47160
8955
12300
21558
38680
32994
6251
33677
33628
18833
32596
14734
38307
49215
7946
22887
6109
41397
13889
9547
46687
45142
3876
30630
43178
28260
1693
4718
21393
10680
2364
23798
43069
17952
48538
32875
24482
12862
1075
22833
7044
34025
31436
41243
38401
48578
6988
11066
552
27994
40427
6269
20161
26403
35631
21372
18616
33036
28962
26976
13044
43989
18552
6008
26597
3853
30207
44554
25566
7139
6924
991
47976
44032
24305
36026
46283
21425
28307
11494
25745
41746
46810
22006
4829
49606
29172
30115
12290
22227
5826
33797
12940
5025
9582
27561
15413
38976
10025
9001
8662
3082
42896
23241
12024
24624
39978
39560
40323
21094
15333
9456
35627
8938
4278
37302
10375
48687
3347
18021
2880
14264
24153
23381
41230
38804
4349
23409
33833
331
20291
16291
38370
28628
46420
46750
47795
38391
10179
9954
28374
4068
18075
22458
7621
48579
