36882
26968
6127
7197
15126
26448
10171
42912
21068
47200
16729
41042
21939
43100
32928
9662
19084
16536
31208
35142
26221
18563
25954
31587
2627
41369
14808
25050
48644
25759
27637
12275
3104
45077
22524
24260
16493
24753
35271
44991
3197
43675
10356
16393
43189
30201
26784
13379
30832
32484
9436
12358
41634
12058
25642
42141
39333
48477
41667
4578
45955
36744
47363
16152
19604
22223
3794
11001
34436
6864
9132
16843
8658
39800
42798
34007
17856
24170
5170
42004
10465
40786
15506
47544
34091
48699
22677
39620
12725
963
49965
7003
29696
29483
3536
21561
37049
34709
23173
47689
34577
33069
439
24760
7841
37239
40474
26103
18858
34623
22569
7094
42208
30084
20278
39712
1560
41937
29100
8744
42754
23192
46855
48296
21614
4341
36020
18402
19816
24186
41603
39591
5716
8979
38816
28588
20603
9384
23523
9156
15289
43108
34423
28222
4689
49698
28284
45333
42987
5119
39162
5260
16908
8639
22094
6426
48228
43090
8133
14047
37669
35813
15819
8500
12507
38531
2884
21720
33874
2550
27376
35988
18892
15742
47839
11847
28209
24314
42787
47755
35544
27230
2794
27612
6424
26523
29526
2972
17780
40687
4526
35199
30366
38742
41557
35423
15883
44613
28951
28051
24525
43395
31076
44266
49446
35891
38967
27585
43325
3349
8920
25579
40933
40712
31004
11642
46010
1532
11793
37547
32533
45287
21900
41312
10563
48925
22262
16721
2329
43955
19121
47327
46252
14869
11911
43326
37623
32460
25953
32566
25262
2432
13972
8434
5413
38439
47212
16643
8519
11262
49437
19900
34477
48450
44809
42177
11724
11204
43228
49502
2015
36015
32630
47679
40288
20501
17910
2510
8640
22839
27872
31514
49313
11042
2659
18055
3029
30710
27507
35631
297
14404
45442
20320
47421
20191
24403
48325
32832
9404
4570
25641
17024
3307
6557
14993
17280
39273
2317
17198
40414
40671
45235
6739
33752
6969
33270
28064
49641
37651
30607
16293
244
23462
3107
18403
23003
11727
43552
37679
35563
28257
11562
10797
45344
15325
29037
36771
30894
47293
2797
28196
48212
16495
14082
3823
35700
37451
18868
5126
47975
28993
12481
23550
10581
38322
49914
41317
25866
10473
15997
7721
1792
641
49069
18616
49182
46405
10765
35863
19532
9673
10097
29252
39724
4921
16904
19295
4817
13032
16052
