23787
37422
38020
49991
31284
9947
32396
25518
29159
29191
5398
19452
28599
1396
23705
25517
3894
42426
4819
9691
6971
26489
14428
18951
2000
28830
978
39788
9713
19986
37369
24636
41384
12262
16123
44600
9012
38241
8559
11045
14492
348
8468
5366
46101
6914
41989
20911
23850
33011
48759
38272
22651
43694
39979
27539
31441
37474
11476
32354
11516
35496
47287
41715
15373
37060
31635
23176
31681
40072
10503
9300
34366
47278
31078
35052
36312
15944
17812
25599
48330
10003
3285
13511
34947
36586
11677
41593
6327
6694
19696
29056
46199
26223
35036
28289
6387
1193
11545
18367
42887
29294
28708
37008
38776
45252
21214
556
21403
29815
23738
38223
30398
37762
21176
17276
3202
32112
33383
42058
37443
48842
15780
45255
41518
30212
4564
14323
3275
35445
2186
17778
4442
33007
12503
7351
13850
30466
32073
25661
8817
31973
772
21275
12271
15758
31277
41729
12250
35897
40553
49484
2152
19982
35365
37115
4843
47452
28079
2216
24693
22689
7668
48252
47337
1621
45264
36827
44325
41517
34997
17500
46572
10373
3491
46206
48148
49483
43038
6805
15418
6075
33910
43992
28863
40285
1318
36251
5718
7652
3767
37784
30092
39464
7958
36745
28670
22797
30674
40363
24652
17153
31790
21265
9107
39132
30348
47038
28439
6524
8211
16820
48381
43073
4236
49132
21816
2452
19929
44064
5839
48067
32514
19759
19038
47368
46048
29325
41718
32725
28133
21019
45733
18805
39726
20434
11068
7278
24509
15639
35864
15167
5218
17354
21540
5769
3016
20499
13461
38991
22961
2771
1334
21025
17476
16244
16553
33061
44761
14324
39091
27096
1493
9307
9792
40005
36195
36811
10660
2809
14315
3338
22892
16192
28622
30089
42946
21789
38603
5887
8171
6601
49615
4325
49207
36132
2127
10177
38071
36064
599
3055
9245
9546
26742
46476
32924
5203
10593
46699
166
28528
19269
25231
984
11622
32874
28506
18184
38169
16235
35335
41912
27369
41734
23378
26319
34286
46874
30000
40451
33499
38268
30539
39865
20466
14871
26055
33868
46793
11749
32339
31600
21871
22719
8404
48978
14355
1061
14977
27445
7314
6158
27264
24288
36383
6436
47825
27331
29441
46916
21287
30095
19496
46038
12034
5793
38125
4095
21731
30206
26662
48528
8209
43848
6860
2848
2768
29396
9286
39342
9490
42000
6766
22474
18632
1796
27912
44080
11965
47461
7223
11610
9005
40203
34785
15545
9786
13312
11285
8446
