8218
45550
30332
23933
19949
23953
23311
32521
44799
44645
21301
48053
26729
18316
40290
2030
49776
33369
44000
49962
13099
38363
20636
30830
46450
4517
24832
40228
8776
26485
16816
13892
42762
47249
29823
22237
16231
10678
6933
26906
48278
42470
36454
35847
3598
12049
44131
35082
1464
29580
24874
36282
42867
2672
31096
22610
13701
30174
18888
9364
42899
34177
5213
7068
31863
22810
19935
19376
4481
39501
7167
43405
15070
28220
23488
36492
7635
48772
31771
26636
999
41020
25256
41290
3194
23757
15726
5141
11344
34617
2587
9641
38170
18184
48771
36461
39570
25772
20127
10997
23027
33589
47347
19710
21421
47380
39155
14262
13057
36798
3593
13792
22561
16088
10094
22108
25622
48143
19881
36460
4386
16216
32791
45154
4120
41316
16596
3473
11244
2380
29318
9261
20326
5560
15058
29950
43402
36593
15352
40374
32119
20391
3936
24401
45513
2116
46057
20513
22198
49582
37792
3380
4765
14682
20319
4079
47327
43301
45661
10563
22705
34100
49976
48086
3843
43591
31498
16327
27501
22084
1065
32500
14044
37321
22085
29951
39147
39595
48252
39176
6218
13040
19954
15956
21931
3410
17090
23263
27988
33274
15447
14850
29748
49637
2745
43143
4809
13338
30994
49677
24067
31129
8355
38113
28055
35302
25364
17168
34291
3806
20831
26935
47749
25577
10288
41484
27270
1700
11930
16437
25075
39097
14328
42630
38729
10054
16474
12360
40759
7241
36725
42551
32836
17771
46570
12087
46649
36154
23092
48118
6995
48728
24804
47973
20712
49161
25718
4658
9282
12089
12295
6851
1727
49636
23005
32262
11599
16552
3867
22102
14415
37490
44878
42757
25365
34848
38752
16087
49735
37498
4027
35285
18313
22157
3809
5310
49271
4776
38968
4338
1095
19632
14080
28242
37023
31897
32719
5116
1416
16380
42804
883
14377
19727
46701
17900
33552
33388
39969
8749
24091
18496
13920
45534
2777
30947
7172
2220
44100
2934
4571
37395
21674
17545
26373
38338
432
9765
41404
42522
9648
23370
20564
39092
22451
39204
9249
3152
38512
9256
23114
6198
17757
2032
21146
26461
2843
11228
49877
47911
45884
35466
44065
32937
47177
39228
15376
29870
22807
9146
3190
13190
19153
40141
43432
43652
2643
1972
36318
714
2470
4698
48838
11976
41638
7391
21260
27566
13113
43609
14352
22413
35529
8929
4654
7113
22903
20053
7475
3317
37370
12616
45505
22947
29801
14500
38186
49119
12825
19845
20026
20105
40016
28682
32394
1936
16441
34055
34169
15015
40137
9814
39219
10607
43947
44975
43333
32411
39312
27291
2385
45341
7183
19348
19016
38089
20410
37932
42575
1774
29821
11133
20107
26422
14575
48486
14523
32940
32605
44376
12348
3729
44577
8947
33895
31630
20720
44114
5053
41105
16566
29546
12327
18071
5628
6300
16322
47983
10468
23892
6802
44771
26668
37703
31940
28847
17876
36162
15364
7419
28524
24570
45327
5251
36693
6010
1393
12329
6611
17650
4454
27838
43204
32852
18480
45995
23747
23403
5081
18628
21736
26656
33123
5582
44870
47004
30389
7786
37820
26512
11475
7369
4361
42803
49538
42880
31502
32017
15777
45204
35470
49984
23068
33702
28891
418
1047
27666
4217
17036
18063
43733
33356
43437
31545
5673
45920
15917
32885
15345
49326
25953
42142
41753
21599
16634
16244
36613
38593
49199
31391
37278
25327
43098
25620
6959
4770
31345
40740
6104
45372
42881
33739
16239
5762
5608
35870
26045
44849
46933
32959
33006
47860
7301
18196
24462
48383
27707
38856
9727
38744
41591
33385
18945
37426
40162
6391
40760
46971
16971
14143
30285
3813
8899
10355
17779
48532
12547
8704
28386
48654
48502
41158
710
7778
1842
1310
40153
31984
8206
33644
42579
1399
33832
36434
3146
35922
47415
42574
22122
11400
30931
34385
738
784
43581
20073
22995
21397
1388
19517
24264
11043
11485
25107
9481
36852
40242
8936
28456
13909
15565
33669
19409
34445
39868
22599
18846
24754
2795
6358
18561
17999
43787
32726
16318
29606
10638
34796
24926
37648
12433
22542
28797
897
15383
4903
17966
25856
45603
49436
19230
23954
5502
36906
22721
36954
37989
1113
19500
36319
29504
37079
5429
42568
6651
28532
31243
48814
39260
47991
14716
38191
38846
15233
38542
40503
27808
14124
30393
18565
10528
21877
21251
4650
31315
582
5907
34437
4335
4488
42552
42786
45012
47011
5620
27879
1974
30717
40717
38387
15521
28108
49749
21426
1099
31746
42023
13008
12332
14898
4722
46001
31425
44349
45274
41052
39325
47099
11676
44194
19572
40816
24849
41762
48253
41268
36383
5983
143
27764
41936
13376
