11464
26116
17644
38475
41135
12098
12064
49195
28161
10642
33751
6241
21308
35510
28189
9375
7536
36478
19830
46950
22563
36124
25573
7256
6253
12719
26847
18929
27039
29346
2289
43029
12802
6824
41029
24862
271
13878
34684
36755
49121
33127
44532
5494
8763
32049
40934
21471
13485
24004
1025
13195
15526
11667
47741
28213
44795
44209
7221
35056
47372
43009
2621
47877
17621
8099
31046
12635
13030
29238
47074
8611
22805
45340
4197
36253
15335
5082
11234
38911
44514
25440
20299
1673
10754
5827
25176
19850
3241
25979
13400
34960
947
47718
36581
623
14216
30031
2638
11887
42089
39158
45171
26228
3701
18797
47304
46322
20349
48331
11892
3757
37315
36435
14073
9190
6516
3420
6863
44326
10420
38122
49798
23157
13047
5755
48020
9168
9920
29282
20813
35200
25794
28980
24525
12219
38845
28351
25059
34040
38239
48137
33233
30058
22373
20965
15452
14976
20788
25388
19476
48398
26909
47001
13583
33111
7651
7702
37515
47508
12181
24659
6415
11891
38253
41768
33236
16386
3849
6623
41063
26278
6574
27056
28789
49503
19529
13877
15159
27163
44108
43469
15644
26178
42553
13858
33769
44135
43727
44811
3807
15660
11085
23566
22424
15320
44441
4448
14888
2721
25572
3751
39735
19883
37968
3289
48404
47827
32298
15374
31216
30594
45088
11787
13641
44015
31654
8165
32679
16969
26349
38787
21735
9508
5936
11499
5968
1798
17472
23946
15411
4960
31485
40582
2166
50
33707
45591
35120
10406
24089
20714
28799
46848
35979
18765
41839
20342
29861
45983
32125
15641
24656
38095
41519
33035
39174
16725
16689
37561
34506
31355
46699
17667
30371
7657
160
43897
37680
35296
41750
7386
47145
9961
24099
39353
8224
12623
30656
22974
32349
23818
6880
34104
33722
36968
43247
34039
49737
19856
9337
31627
45668
42617
22142
14235
17611
37400
18883
37522
3322
32831
21554
37883
29241
16824
25253
13075
2124
652
44772
29455
5462
16539
7950
8300
6655
10194
37024
3308
37779
9852
9133
25320
28743
2051
38526
29650
21477
43054
6440
43385
3047
17898
37080
18234
22168
44559
26183
5051
11274
22422
45972
17832
42963
43304
246
26181
8033
25771
24005
6636
6793
3671
40084
46062
39975
15691
23551
46890
21783
3760
48470
34737
48153
20811
29194
21657
32417
17339
394
28882
11957
31590
21281
38353
9420
29860
27110
48952
41176
9032
22262
31637
2602
29984
2391
13568
33152
7831
4816
39457
20942
659
9888
17607
45184
47005
15289
47083
41779
20545
5054
42108
31599
29259
28398
42131
11854
3385
2387
43646
21954
31730
1654
38292
21872
11180
18044
20308
36897
49931
43776
48950
18161
32004
11923
36528
48920
38888
46177
21596
41546
3635
8269
2809
17471
8819
38331
41609
4495
8518
13548
21685
41353
13347
25490
40029
25609
36712
49463
41049
9339
3887
31435
35410
9802
16053
292
8484
44294
5804
28667
15510
42878
25450
49708
38103
33351
35115
45857
9883
17035
19854
35531
7686
6707
39985
44708
30539
30817
22221
29643
38514
18844
14823
1583
40757
24096
38590
28974
1026
3915
24006
37266
16095
21250
35955
30568
15109
4415
31269
40714
35825
8432
5798
48496
40879
49169
42621
17102
1317
35752
1819
18091
47614
1662
20880
17489
4018
23336
13353
29918
28738
40691
44675
33758
4026
5177
7523
14298
49244
81
4968
21191
26755
23452
18421
42264
19902
19807
10798
41078
12150
42599
41393
39510
10309
43526
10645
29975
40191
840
13346
28647
12884
11955
33157
26095
34088
15317
48473
40585
47345
12209
28833
2119
49681
8183
