24853
7446
49393
42799
8312
19358
35956
26815
26681
20930
44560
43904
16978
19832
27224
42605
48709
6765
31475
43072
33640
48171
29865
49584
27814
2816
17993
5142
28200
35888
16930
21364
27779
11734
47698
4543
26720
39279
18391
34173
28328
49292
13848
10722
39802
23268
33420
25166
29483
47041
4046
22734
37731
18842
43007
30801
13143
49766
22883
30532
37624
41181
25690
14287
8532
23834
4977
20470
47630
44401
43475
23644
33374
7524
13074
43266
28120
21180
1049
24664
38036
44657
33331
49268
25185
24653
37456
11212
36186
10962
31988
28379
17927
21660
2295
48079
35322
553
17428
21285
36651
48886
34024
33796
41099
20367
35808
4251
32710
21394
33549
10750
48500
7865
11875
26138
35335
22171
33431
36978
41414
16110
7871
17981
24643
21405
2673
30406
39707
49177
16666
45772
46581
44502
2298
25734
20635
4522
35690
6930
48407
2586
48517
28856
13995
4510
32499
28594
1916
26448
17682
30793
13606
9575
25299
34066
16492
40496
23792
18885
38325
13589
34221
47793
28639
44954
30633
31943
18972
32376
175
47109
42548
46032
40311
25554
26965
22519
15715
18521
33917
38560
7802
25739
39629
4993
13725
7604
4845
49106
20317
16009
25696
21905
12561
10710
25833
16277
4799
20721
2566
21969
14123
12430
18728
24860
20100
22536
5219
37543
5129
21214
10074
20050
26375
31787
8030
26998
37035
28968
232
31944
7065
5252
45966
11357
3456
6821
16812
19514
2930
16144
46227
40957
33339
38758
22567
25864
15208
11742
22714
49645
1165
35034
30802
25151
1629
49252
32407
28377
35813
43931
37874
30601
11445
608
34288
