21804
48222
10555
9327
11795
7955
40315
49727
15995
33003
40793
15594
30155
16046
47735
8700
13880
30432
43925
40768
6945
48423
34284
10320
36588
19415
26663
43270
39007
6335
15079
4778
21515
48199
22717
45667
16782
24296
9041
30295
40429
44415
45959
32534
14893
6436
28133
1570
18566
38677
46857
16821
37974
29668
30269
32109
24058
29704
17726
41215
10260
47472
36411
38238
14106
19130
19221
41144
45336
18901
32516
10226
7709
11181
48033
14750
33976
3009
49259
18127
47617
11616
48004
13542
16507
11230
40149
25765
19064
35601
34136
29205
5358
45001
46259
46374
8028
18580
3379
26742
7932
27681
27079
17367
6056
31501
1139
26948
38513
38810
2597
37774
34710
6123
8939
44661
32505
41998
41256
33582
18206
49505
14087
13025
18045
17458
29053
20097
45982
6276
3122
38569
11248
28092
46141
8169
37433
40313
12627
30821
20739
15681
17344
10348
15711
3629
48919
38819
35396
49357
43277
29248
27903
37979
40088
32540
34878
35446
22682
33099
49497
24507
12474
10146
40785
8264
32260
18023
2723
2150
17148
37156
45746
1765
39851
9732
7344
39830
35585
38152
23464
18909
43818
35859
8865
10813
2109
20862
29317
40452
8479
22711
17379
26460
45469
25942
4250
47733
26320
27311
4345
32828
39779
26795
4110
23750
40974
21009
14483
18153
48035
11229
47427
10448
32123
24520
35497
33657
38361
3579
