26534
21485
12440
14019
39762
30741
47299
23324
20992
15379
24521
25127
20719
33171
4186
16769
21683
137
33974
3719
842
46999
16330
9390
11833
31825
17334
20531
23757
3100
27812
30890
15665
26855
38935
40726
2348
29446
19699
45889
22583
36994
38371
21318
23799
31324
6080
36759
28445
7118
9797
30922
26553
27972
26753
38372
10635
30081
32836
7654
6574
226
5088
49109
15879
16006
36181
25078
24885
32752
19782
542
17697
41811
19953
25942
29714
26693
33613
28077
21326
20571
45158
29701
13498
46267
10895
42656
15321
36140
35394
45067
4047
31047
46529
39685
15248
10271
45610
36489
3088
17632
21279
15732
23816
19257
3048
7518
18579
34610
5702
18231
49450
45298
14088
4336
31995
37073
32306
36412
39877
8912
29937
45321
32973
13945
36010
27593
6255
46709
3792
8058
37468
14607
40735
42082
35000
26100
26253
35509
5229
44421
34113
17189
14850
6735
12328
39255
38965
39432
5434
48819
30137
39652
49899
15800
22462
27078
37382
22195
25464
2185
43223
39832
20495
7244
15193
46988
2288
6846
3324
13218
21007
28826
4376
28020
15523
48734
2663
16988
3228
42245
11766
35400
24556
34199
34929
16590
45079
42791
18716
9618
3028
18676
21749
1782
7309
7624
23595
13458
45535
37078
32771
40555
38414
22722
8677
18256
24633
22277
19238
8537
44445
524
31610
40535
23908
36548
42286
6138
11501
1850
17518
47281
42365
3053
14652
46354
37658
39669
42818
37926
28150
25960
40395
36313
23061
46630
29831
5919
23309
37864
27632
11626
1501
45384
46070
23865
17519
30153
35296
16106
34751
28560
43470
24450
15576
6372
6368
30652
16146
17179
22832
30342
34697
36126
13448
30663
49998
13680
469
48291
1737
48557
11253
23353
7574
21058
14773
47956
30209
23363
49086
48473
27427
29284
5121
11367
5313
27854
15035
30449
5048
46556
24038
6871
23932
5521
14147
2138
11434
5147
8698
2668
21692
25530
1563
20581
45696
30793
12242
6787
9459
36538
14436
34867
15314
18889
41721
13468
29552
9066
4613
965
33245
2810
16481
42517
19339
18021
24778
11858
11065
4183
19167
45179
33764
44612
6146
35815
7560
19575
43393
21005
45289
16702
49817
27500
4001
23151
11078
856
29481
36920
20437
7008
42098
6502
12649
31365
30514
20044
946
36341
25303
24456
23276
15805
45580
18666
26974
29807
17622
35128
29934
2314
39600
14034
34748
33649
40748
20856
2689
37193
12629
19943
32430
41890
46824
46475
35252
49910
35906
4583
11414
1381
42825
36177
9478
30635
27351
20361
14720
36626
13424
25269
33368
34862
28550
11839
49485
33809
9639
29074
1837
34883
33875
13564
49001
39148
3958
26568
8649
21288
44900
27392
15741
20958
41360
3754
46661
10560
36120
30415
27667
31716
693
9931
47305
11790
5492
6967
46797
33045
2224
47833
1134
32305
13828
27639
24432
21732
28084
15338
18988
38723
27911
32165
41945
21827
19389
15951
8569
11954
3665
11044
47759
18036
45348
13667
29439
28094
35838
24022
44225
13269
6973
13924
29961
10180
26478
18379
5324
17129
