30126
8172
5612
42800
40330
30846
44133
43958
48060
15249
45394
27196
13976
13776
13879
24608
24997
49048
45557
23459
8324
13622
32044
6006
21388
44837
34496
37822
14055
37497
43579
23405
13249
47904
44578
28640
13744
32214
3827
48811
20559
40111
45434
44259
48693
18874
13682
4127
11190
16576
1690
32390
35791
317
37337
45215
21693
29674
6087
49021
14770
43793
39460
36694
30278
6137
8973
45551
41693
3396
15480
33567
32758
42557
27112
20818
16240
31921
47370
43081
25442
17579
15919
33012
39232
8447
48193
45224
18433
3176
24927
15895
12276
6074
20383
39480
49559
9719
2707
17829
19406
37012
25782
10266
9810
13265
16081
39619
46481
29315
43099
41690
4052
44963
39816
30913
17055
46791
44139
33571
3841
12571
29645
42956
18171
48826
30830
19071
4942
19377
39917
37737
31637
18102
27702
34736
38034
35102
6180
49107
48849
5129
31008
21843
46921
18281
39985
34584
16727
27530
40473
5941
38940
35134
43276
31890
3720
5878
30419
44588
40593
34222
45989
66
34843
26506
18707
11500
49889
38600
21647
4289
8689
37099
33272
30429
16644
16997
29270
43287
6836
45249
20170
4840
43315
10710
2505
43815
1586
32477
46021
1858
94
48025
29662
27768
14193
27191
21974
24606
15725
36935
12559
28354
24825
7070
25515
42440
38852
27798
43312
42436
7815
10885
30472
1399
29575
25475
38240
4949
36226
19711
17726
24337
12984
33199
14962
38063
17502
35342
47747
13891
8445
47941
37973
8227
49271
45395
41765
27657
22730
48444
36443
18502
23447
19960
1637
19504
11980
30614
31616
23659
46408
32209
49755
12167
31707
41468
14236
17818
15535
38677
33267
9877
32114
32690
48440
23872
24429
33116
31460
29949
6734
33185
26052
17950
27684
24900
24994
7847
43104
17802
46470
40513
22552
37544
19544
6875
43687
1915
22782
16025
7057
27964
9015
8166
37954
41798
17708
11840
40135
48466
647
37354
45842
43158
45736
17735
30028
6320
450
6078
13446
10759
6123
911
46402
38174
6242
13224
48053
8947
29967
9222
24965
28145
33128
19106
47694
46738
18008
12332
31364
1179
28537
28005
10694
39899
16263
4013
3530
535
46244
19561
35543
44854
46938
44859
13669
41143
11404
7767
22685
24011
9511
19328
15102
10585
44780
14297
16574
11339
38883
17023
4926
21188
42761
10344
9225
4301
33343
15978
35615
13881
26026
13137
6353
46042
11701
13956
11647
47116
31703
43382
30877
18300
23686
21862
12308
14480
9416
12097
12990
48441
30471
5675
17777
35650
39175
