10354
14751
44105
10803
38933
9805
48130
15111
3700
14394
13977
24109
3125
4234
30644
42480
13091
9970
12109
8772
39215
22210
13452
37160
5613
11306
2717
12293
3408
3147
21399
46584
6571
5292
44418
15236
63
22819
170
37200
48314
35806
33776
28250
6059
24336
5933
12071
19393
23330
5555
361
20566
34975
39199
26914
27282
2558
22629
49789
47668
35589
27409
23370
6653
34980
11806
23557
45802
43298
45618
35604
10043
32746
10890
47026
43686
21486
25191
41453
21091
848
16906
7345
41475
45107
832
20389
36382
9051
5422
6017
21699
7085
41053
41381
9782
18953
12226
46393
20848
15140
15041
9003
14895
42532
10134
31747
25089
22581
11471
13380
38670
37834
15672
37109
19749
11344
27739
41561
12392
43181
19593
34376
14873
38262
35119
42710
20423
28496
620
13169
41420
47153
23062
35034
38851
46183
25194
32507
36084
42746
30012
36725
34669
17471
32118
7616
17539
22834
7164
47725
16121
20472
2205
41835
49394
15759
44682
25753
3537
23975
41708
1626
25828
48394
32779
30183
46449
14695
22117
532
14618
6099
39076
46945
19878
5209
22506
29141
30608
33255
15022
11101
19726
594
31240
29133
17668
19327
29029
44676
3485
21014
14640
11892
43244
13176
12081
39348
883
24334
46943
38318
12471
33660
46939
4941
10162
23880
26056
49138
37112
34208
31495
20033
47501
9863
31649
18111
9812
12866
29346
43672
9716
9987
37923
25496
24164
22526
18011
28736
4795
31244
3785
10095
24735
21878
38119
17879
49671
517
25341
45587
1285
12228
27495
34192
438
21929
12943
8682
19508
45915
354
33027
47105
30302
24602
13635
25791
14626
20140
38327
32929
39703
31818
30945
47616
18341
9605
19661
49987
22406
22721
15795
25347
33161
43517
25136
17000
3858
33221
19028
40788
5349
24051
46043
18852
37437
40766
21586
37447
23145
43627
16453
3313
6347
18273
20015
13155
20854
18628
10822
21134
24924
34881
44110
8499
35961
33416
23358
9811
35294
3833
45615
28158
40979
17530
13670
23528
30872
16760
42214
19249
26536
26356
21350
23105
21591
21616
34072
33188
31360
17616
47268
38722
47930
37551
13761
35516
29040
23116
11395
29693
3799
16958
13333
41086
18369
9322
29929
27879
13120
33867
14237
38833
32585
28803
44042
24474
40563
4477
28116
18136
36330
29388
31251
9454
38120
6480
41356
24115
48457
12857
7823
34042
24443
43341
28503
22212
24268
33588
31611
30821
27810
39936
15750
34908
13287
30221
28762
