37846
34172
34909
4939
20812
30936
1463
3721
22610
11884
13892
39925
42381
49352
48019
19138
47138
45236
14473
46073
47867
26009
4461
30549
23067
11757
26623
11274
46665
5183
41659
31463
7287
1910
3860
10556
14961
13586
8774
6921
48570
32071
27374
38413
40841
33129
23362
11641
26212
44693
24177
37647
35478
1794
4125
761
27627
37214
25526
27101
49866
18052
39719
11902
9615
9859
30909
28295
38312
41970
48825
26871
42447
40021
23237
48482
11245
24355
38259
828
22494
37875
12664
32320
40616
37442
12233
9329
25155
23131
39441
22080
46771
16623
46524
6439
2287
36642
46850
29071
12947
23203
20036
29709
3446
21508
49045
19316
7509
7040
13332
8317
5299
43500
26299
35206
5682
1704
47317
2092
47488
35156
44008
31949
5707
13855
35482
21405
19876
37804
4392
43412
7288
44379
25271
36520
26116
22815
29691
49739
2357
47999
31452
16274
37803
20986
22081
33450
3918
16749
26231
47622
28612
12704
16037
2875
4684
22641
14335
12148
38085
1595
47078
48582
43068
23680
39510
20860
47937
15399
28032
6335
4434
21294
40038
10602
43152
34105
35886
26359
13615
51
16334
29264
37055
41803
47215
39431
40457
31735
28549
18150
22822
7301
2172
20750
38123
28373
17171
20115
13338
20881
1200
49646
13546
5144
24155
40174
40972
40377
12273
3532
19284
31989
5090
40876
38212
37133
13619
22585
36511
34553
46057
37411
19756
45943
48941
43689
32087
24460
12065
43799
33565
3681
1022
37704
45140
27790
17287
14594
35752
29995
26329
7760
10113
44188
39025
16264
7511
49311
8984
32346
34588
34306
26827
45029
48047
48674
49230
5975
12140
27897
28479
7125
25017
6624
19864
47335
36486
1775
36183
21522
2464
40915
17299
31349
15000
44873
12219
5462
32602
25150
16000
41281
20064
46426
25391
18821
24145
44037
38132
11000
23274
896
19435
22400
22241
45171
48139
16169
28765
9024
46228
17931
31630
34833
9360
49089
23561
1096
22049
18778
25821
18396
37810
8183
42274
38095
1325
36897
24940
7622
16005
10537
10329
17307
17034
26318
18875
