47904
39649
36762
38602
26961
34352
49845
6079
42251
10539
31554
32649
28487
33214
10684
5905
2261
32815
32575
5752
20891
25134
2510
20692
46815
35132
23121
5230
49011
39274
20803
2137
22988
42908
9569
22513
5629
36217
20040
5689
36023
8876
47169
24281
17849
31644
17377
41227
24192
15230
19232
36548
2181
22503
37824
18679
19554
14338
14085
5035
19788
32436
34524
324
2185
26054
21759
34170
3724
10001
37949
40876
27941
5932
15262
33706
21780
21376
28296
20473
28227
501
35895
39739
46686
37761
28715
49860
16579
798
21598
6134
30661
35946
42583
34551
44174
26012
6610
34987
38741
15010
28726
47683
4041
1615
29132
10476
47527
44147
36225
41851
26345
782
1356
6732
19631
32545
20527
26191
20537
34642
28032
22207
13467
14027
658
18410
37626
49666
37425
5561
12014
47221
27059
25007
17729
27638
32237
9084
32347
37333
43122
16058
43183
15403
42686
38004
21291
42055
49178
6778
202
11872
36939
13947
1828
39736
17751
39388
29418
22836
4038
6034
21698
25536
29649
31955
40600
46392
29791
48680
2815
46850
30312
36773
10275
41896
3243
2488
3156
30443
9926
37945
3455
13476
24289
31397
21143
13668
27332
34380
26100
29323
22748
31185
37841
14005
9181
42153
1150
31961
20992
28941
34566
27692
4524
41403
10005
34795
18263
21834
9191
6272
31999
26494
14486
9073
2264
28329
20694
34953
37759
14341
8585
46712
21809
14321
11278
17915
32117
2507
45366
12044
20742
27583
16311
30227
20163
11921
24534
1161
31038
27763
7589
39808
9089
20713
7512
7443
13078
40071
7492
39444
37892
10024
8433
11548
9323
37186
15018
39967
6399
27936
831
5600
24038
36419
20188
35025
44395
46056
24916
157
34312
46334
10752
49611
24407
36655
34604
19818
15291
37028
33847
11932
9408
5428
13098
2824
43318
2844
3935
21495
11670
19109
30985
45845
2649
35242
3870
41502
4881
20676
21406
8926
82
10232
17870
29779
28760
21341
23233
1542
23320
11320
35778
19968
21020
6282
11199
2576
18673
34996
34634
48720
22614
23623
21001
40176
36583
30062
35717
48287
30888
14428
41131
49794
15898
30337
8351
21560
4164
14786
29399
21153
37322
24147
43681
31486
6785
8239
44434
16389
20597
37095
8304
20812
40220
32842
13410
12409
2755
29362
28295
7087
34430
7440
9320
7102
15819
32964
1868
31947
6807
40584
1982
8200
40395
41210
46310
33960
5672
43588
3356
7322
7337
44851
31062
39753
40098
24751
2522
30659
529
46167
45705
2624
12692
10857
8536
10849
41900
42832
6697
36067
37566
47977
24064
22796
32302
27214
31413
14564
47370
48047
11362
3134
11778
23963
5824
31981
8374
40340
48778
22612
31577
10532
46807
14190
17108
16483
37738
17401
13314
2120
34118
33855
47312
14318
23712
40074
39902
46782
17854
31073
26521
39530
26338
17512
40857
4076
10100
40860
5595
8364
25578
34706
28800
548
8100
39866
33413
15619
36009
42439
30098
41895
6401
4224
12731
44510
2303
20800
33602
9998
44260
35741
34608
47449
7677
30291
3972
36172
28474
37488
35061
624
6465
19452
508
31041
1183
24596
18872
29489
23459
11200
19111
48821
9357
26479
2170
20219
20262
16120
18210
43294
28150
9087
34176
26404
16329
18030
29547
48246
9293
14653
26936
31289
257
20052
46789
7987
23377
28752
6294
35304
45431
2544
2375
39237
37027
48793
43017
33384
32326
41266
10837
14727
15800
8664
26198
25114
16183
14281
32152
33674
34912
29460
33306
23248
49878
16638
34785
16594
41540
20157
45706
8333
45245
30100
869
9135
13808
1743
33116
41470
33484
34928
49071
33838
7684
21595
25359
44522
4502
6404
37290
27673
23609
16217
24717
15192
43228
49726
13954
33864
27761
48782
29367
41664
5980
26080
26644
15602
2554
46995
40916
13913
5507
7693
142
44760
40230
44246
38841
29694
3586
33370
10091
9412
4312
29969
34900
43309
6205
21271
4773
6538
21448
24445
8619
26253
19877
46969
19029
23091
41448
41660
28422
13209
287
28542
25999
781
23982
20562
49949
24765
46203
40604
27983
7750
13752
16043
36971
31734
42128
32653
39727
35622
26860
42745
14065
14119
24618
14494
25232
25966
5463
9410
1698
41427
46625
18941
6951
37984
27768
32528
15647
41228
41429
4569
33472
41351
46138
5997
13660
45014
8492
16333
44700
42225
25843
15479
46288
22839
26050
24581
13260
28367
20082
12051
20279
10567
16892
7114
38188
30394
4518
47375
31529
8147
44974
26251
48276
47450
30419
30290
33359
1285
25211
25145
46786
14316
45570
15347
48066
30370
27386
21332
18186
10526
32689
43804
1529
46863
42012
6522
18461
14805
37093
16347
19444
19587
41563
28039
40181
34673
598
47520
34251
16557
43379
16424
13680
49110
44313
33403
16780
46451
2414
2921
16171
7851
46505
27628
49464
7870
40811
46010
45822
38765
24541
16794
10956
34246
29117
2322
6910
35149
47034
40283
912
12452
22566
21959
8493
40319
7835
21587
49580
47990
393
49575
34520
25755
37733
17298
21141
47463
4370
9980
8096
34425
44921
35904
43999
16586
40222
14142
2090
25121
33522
23707
18527
47280
44506
29077
13176
14687
45234
5818
6334
48912
28831
17567
8336
14276
15039
34374
9929
33243
41703
34902
5602
2813
39996
25218
35518
7959
18623
4665
7690
9086
24263
16358
541
44529
1572
41267
28706
47361
24879
48784
16127
33486
24851
7086
49314
22199
16840
6667
1836
12913
9127
35158
32526
27102
36957
21536
28238
14968
18224
30070
48461
40662
34702
5555
46341
25173
39284
43959
10051
41317
45062
