40878
6617
33395
24798
34505
49797
41679
44758
179
18967
43850
31860
32448
45159
36140
20140
22935
6958
26777
42324
29170
6078
31821
12475
15811
43463
27648
14694
28099
6069
39268
22043
2434
20253
20610
19156
19595
42576
24946
2724
9297
9059
43709
44076
39440
32965
18920
22591
22861
26292
1547
1742
36257
16712
22600
20084
14802
39042
39589
25499
30398
20280
18537
43936
5020
30667
2193
49136
1910
949
13213
18475
24183
5318
5881
18804
2183
16548
45128
28355
21282
47506
15190
31719
49348
42876
15813
41329
19105
21013
21572
25474
32076
27579
40476
31870
14897
16382
5523
48268
16045
49162
34600
29519
34772
32013
11889
27856
5771
34594
24337
17913
39281
37000
14677
34961
4733
22118
40651
28925
22954
22535
4219
2915
44966
23398
44990
13003
37452
28964
9552
8371
38885
33656
34514
21749
40377
4071
32547
3956
14029
24352
4705
48180
26953
42672
2923
10616
42382
11810
22442
21940
3721
18519
29879
18235
46669
48372
7213
41629
35097
25777
16753
23023
25653
31420
25046
30418
10494
11940
610
42736
23569
2245
8992
7150
24338
17664
21586
49377
31010
464
31992
18213
9157
3147
8626
37140
1188
29530
37367
11076
28310
10697
39643
9115
11502
4021
41223
42441
19456
41048
2758
21015
4708
29150
939
40507
10481
7793
49918
15975
10257
39644
49152
35351
