6209
21199
45381
4566
7375
42709
29267
751
17238
18004
34674
34334
29391
43000
31412
32680
48321
14427
34550
49840
26262
38489
38917
20879
29410
14771
27089
48051
8748
28869
47948
25651
29574
24955
7929
48019
21760
46173
8940
37018
7088
26978
8719
39331
38776
43607
24275
16875
29819
27104
37127
5875
16452
18867
23499
40561
6544
9379
8658
39734
8410
39052
36018
270
43274
13961
39224
32186
19240
48459
29532
26902
5059
30534
23520
7094
40174
17994
46389
19739
23786
43873
10314
15072
20063
8385
35326
31543
31188
34543
35569
48800
36329
27573
45689
25136
16116
30626
1704
17606
14390
3269
1824
25547
11349
36280
12905
38334
21129
25829
4402
43964
8720
13750
26567
41747
49113
43470
46305
15867
2677
24371
29082
27505
27350
31113
36656
35350
6157
25306
1596
33407
32929
8108
21037
9887
29406
31855
18222
18395
788
17340
37867
5592
3803
46328
44245
35605
33857
45803
21016
17740
19945
10675
47558
7267
13448
4914
27829
23739
207
34847
20394
22298
20695
10912
34496
35137
5782
47882
1609
46000
33518
41346
22358
46586
23402
15036
8678
39778
6708
35650
46273
35557
6635
27466
39109
5375
37036
30953
13223
47876
31615
44305
18028
22698
13692
45499
32064
28729
42224
38213
10586
29987
16889
6093
1472
30037
28907
40939
21283
49553
45493
30414
21004
19998
23423
31055
19712
3348
9673
37570
14624
26586
29268
43696
47529
12528
15891
45592
22213
39378
12119
47849
30430
32722
4405
28137
35358
29225
8701
27905
23277
9140
22615
47691
10763
12493
27
47773
38611
44551
12359
43877
488
1332
3181
33560
21620
38355
40619
34993
23164
43170
45233
46129
8137
32334
42242
38977
12928
34923
2967
18357
47603
16708
28554
40540
26650
42058
20994
11728
1426
20546
25759
485
33045
10027
9957
29595
971
20007
10079
18132
45924
43735
45888
23864
13424
184
21098
37164
31845
19969
2705
29222
9632
26230
24295
13446
26864
31278
38485
32078
24913
6592
28774
13013
2911
17207
44200
17539
34997
27025
16265
576
33453
8834
25078
38285
27567
36396
24255
21435
8558
45096
36608
43370
26227
9058
3461
30723
7007
16499
8056
30139
29263
19343
41992
17749
19704
47406
27539
43251
4806
25150
29944
43623
11804
22033
18064
12843
44425
25695
44355
45352
23616
26075
5479
15017
35098
31703
47807
29224
45408
43479
14932
19773
8840
45314
16615
39314
49618
43710
1853
36720
1400
18131
14181
3829
13399
25286
30682
47826
42254
19741
46400
30446
25266
34981
32069
20472
28424
46931
7405
14821
39848
11838
25747
39670
7146
27788
19097
36996
834
3953
48354
41725
14389
31777
18374
17816
13056
23915
6815
22334
48115
14963
14068
39514
48336
28128
37460
15489
8783
31856
39635
11561
5180
2239
34355
3315
30012
27108
34311
43674
29242
6303
4884
25070
27115
18166
35226
7949
71
39801
9491
17089
973
31557
20369
4175
19640
14943
30439
1480
7518
47364
17172
37256
9280
7342
38974
30366
43340
15437
21823
356
15119
48430
6470
20539
29414
17427
25626
31280
16732
15021
27265
7129
10323
7956
29757
25219
35636
42873
22651
10388
7347
32551
249
7054
4872
33381
40327
23677
40486
36133
45362
5071
15100
28445
29610
42557
13432
8112
34444
24684
38621
16097
35355
29108
24023
25124
19496
11979
469
33098
8528
24293
3188
39310
43689
22694
48288
11143
45804
36946
36751
47119
13068
41592
9285
1092
33554
31958
19164
10856
28684
14463
27945
12878
31690
39775
41893
31105
37430
43844
39936
26168
44715
21924
2155
18859
9288
40645
44154
27323
27165
23948
2961
25227
6799
15006
20875
34044
33012
7326
40201
42427
44863
33823
48945
48555
41224
17106
34032
5912
25495
18738
32645
47541
21812
32082
22986
26341
22352
25892
7849
30907
34843
47032
8088
44509
35230
38232
45998
9338
29637
9195
12053
48901
13634
12216
48190
12228
9501
49730
49080
31261
12904
48541
744
12564
1482
45533
20194
8767
21419
23720
30586
22712
25375
27953
23349
2443
11347
4908
45318
43587
9583
37259
46346
29469
4425
45957
10366
27299
28134
23041
6245
709
20505
44650
45290
40556
7140
14283
31072
8092
49811
47594
43572
16132
8561
6089
10129
31387
38069
43726
46408
30942
24529
25350
5973
32670
39630
31925
17119
23587
46078
38424
32352
9985
13759
46592
23408
15983
4282
24692
31886
40297
17232
18377
5155
29588
36832
39424
13441
17823
29996
10105
572
36058
26589
15212
29817
31581
40727
40077
8192
