31907
43423
9884
26814
8811
76
10467
33159
28984
14342
28228
40446
36830
11107
36110
23375
20432
30523
31045
32469
3135
11086
34482
851
27484
2082
44843
12252
31525
20972
7546
4948
28221
37056
24966
434
2584
31837
10297
21796
10486
32051
33629
47369
31594
44894
590
30649
40807
12705
31954
15812
106
39123
5117
17954
23672
503
41700
8073
23870
35205
36636
41335
44227
37162
9253
17522
43295
226
48370
20804
31100
48322
48847
34640
29027
46979
3658
635
16114
43703
21320
33232
44643
4128
33496
29099
40996
46708
22550
48362
47654
14150
42092
14960
8292
34614
45350
40120
25846
32580
46806
41356
25889
5575
1186
38097
43101
21530
40445
17416
3736
17353
49751
34572
44452
43195
43819
833
42882
5817
22159
9148
9097
39019
26525
11453
45035
37796
33673
19224
11307
39770
10795
15396
1361
46414
23158
40477
11232
2668
33073
16350
21322
42894
37719
43632
30233
29089
8670
9205
37961
11036
22799
33890
7979
454
28850
43232
27859
29176
37684
26061
26310
44115
36091
24897
24727
12577
17126
47426
32987
11697
12301
39847
41645
10943
1864
24357
28649
2145
44574
11992
27371
34635
18069
22242
9698
6427
11289
46325
1000
24382
30067
47799
31400
41674
905
49554
9094
33775
13162
18439
43863
7295
38958
2571
16932
21798
30480
43859
10794
30300
16985
36788
11479
48878
35788
48063
772
2686
39367
45825
12696
21288
31747
13523
44479
35406
16260
13696
22577
7097
15064
25313
18254
46475
12935
25511
40206
8661
1293
11061
32083
19212
20235
34798
40654
47135
40693
12162
44972
29084
18740
30943
35793
28902
2746
35853
38870
11505
12923
36096
2479
24291
15067
11610
17513
30382
5028
3799
26765
10160
12394
49571
10914
126
15066
3041
30871
42620
34653
3028
14024
46470
39796
16250
35325
25001
35479
24266
26709
29699
21254
47580
34285
33115
2500
38410
43154
27289
18516
13041
10808
3516
1035
41166
5693
7059
9725
11927
36794
44631
9646
7418
23296
18835
31713
44257
9764
17878
29915
28572
19563
47187
31119
13486
1055
32783
2521
42643
34494
14019
42400
48163
46619
30306
47626
24873
24558
9028
21791
31822
19365
1435
42776
43260
35896
37529
10939
6729
30355
27162
39702
33643
32247
32984
22236
35707
27320
32912
49226
6451
18890
27441
1121
37749
7028
48943
