48592
5843
8942
9513
42330
44081
12537
45649
22662
45704
42793
10551
18805
10485
19295
6450
18545
42401
15996
27675
886
24184
41039
27043
976
35236
16388
5319
1180
847
13245
18789
37343
34281
18816
34844
33355
37258
17745
35980
31686
22259
41164
40845
1420
39668
2497
45188
31002
625
24490
30474
35796
13084
35279
7232
32286
6939
14948
19249
16146
42370
45657
47352
32387
7395
43669
6029
206
29330
6658
16676
19723
3644
31267
15675
26711
5669
10285
45208
12038
8494
40208
6513
28508
32255
10672
46116
12108
38684
36292
3114
24869
8370
32219
10190
24711
8562
31565
19599
27322
14111
9034
45528
49634
4209
27134
48990
16793
24788
35048
15002
36469
11309
49397
46674
8684
49327
31192
31291
49762
46603
7051
43802
21889
41518
45025
41521
24648
32507
40204
13763
11526
31553
2722
36959
36943
18551
15258
36669
516
7864
1556
39197
33463
30038
42154
15360
15720
7935
44242
3742
8233
9427
6689
13369
31205
14906
41509
47540
37725
39374
17691
9826
22959
40344
16098
35113
41037
20144
19786
14468
17794
33921
18585
43467
17506
26584
38557
47343
44367
39322
18811
17938
6271
38104
22300
11991
34319
9991
26677
8253
29482
3275
19252
34473
36779
6260
37276
33967
16218
35912
33017
38587
45152
34523
40393
44985
6679
20186
41732
935
49545
10344
12948
11928
33078
35006
41822
20393
29208
10378
17415
46348
44555
11077
11003
5424
45185
36980
20741
33678
34874
40371
40114
3603
44871
2402
33056
17907
12313
12672
41648
48742
47949
45697
1143
26052
45379
19151
31160
12801
4634
27362
3475
48786
19080
7578
20952
12398
25402
39645
49562
41281
10235
1002
14339
41023
36397
6160
41270
3704
25613
26240
45975
24101
2179
41284
1100
27019
41217
22021
2920
47088
1553
17655
4274
16446
8160
41568
37616
41719
3141
36342
24683
37714
42409
16060
39144
39027
37737
28076
14425
40054
22381
41071
5574
23660
35035
37581
3197
10470
45275
2665
7176
41812
15111
44654
37613
14748
2525
4081
27080
22423
48521
3045
9933
40976
9343
13948
5552
5557
9104
21537
31711
9679
37104
40729
1073
15756
38304
13835
6225
47945
30475
18957
22598
22971
47643
11305
24299
12701
26197
15478
28204
33165
44464
21584
16792
665
25773
18670
12560
33378
7124
1695
3496
385
11615
28408
31930
35079
28627
49019
46985
24602
29514
39
18149
3301
15187
27434
31203
16957
23645
39686
22468
209
1292
46317
35857
37606
20226
47066
44534
30548
16691
12203
39652
38360
12953
48840
4053
11814
13146
32790
41565
1229
14051
19294
19885
20835
45844
40295
45101
2590
3205
5993
18974
14074
12120
18575
40882
1551
2712
25735
22105
3943
