34333
43998
16965
25203
1905
19429
29045
35651
27067
37657
7612
36406
17441
28986
21309
49937
974
9227
8268
35718
27874
42694
45514
33209
48157
12789
13449
2560
11266
10536
18206
38975
13375
41837
2786
46170
17456
29048
8631
39160
43439
33671
7201
7371
20087
10982
26883
25659
28740
14939
37046
49321
29114
41169
5810
28339
26732
7955
21552
24918
3728
12046
29920
10064
40348
10232
38802
30280
28946
49638
47047
46234
37878
46610
48272
12100
28784
47149
49407
48554
21823
46444
6584
44940
43321
20419
37343
36167
4652
36023
40302
28185
18015
22542
2420
25780
35793
3651
43933
46148
38311
16142
22381
42662
11328
32540
26198
23726
24244
48530
34696
7378
29722
42410
7364
34774
47554
8763
20418
7348
48467
45144
9159
12890
41146
45227
48107
31095
32572
7324
5271
33667
30785
539
47471
38610
28063
666
27603
26001
42780
36690
38789
11091
37797
14169
18509
12
48980
25919
17670
159
6533
41746
28270
17012
17369
27092
15353
35572
17009
25056
18794
44525
32293
31058
41678
44376
13345
4596
41744
25330
11886
40785
45797
38575
34340
28093
10276
13355
5820
22507
9071
7662
30778
23771
28047
13049
40181
30316
48265
6695
41345
19700
20587
17680
47890
5043
12115
7754
10919
19997
27208
6752
44045
8433
41552
24806
11321
35955
2503
4851
2566
26632
44630
33855
18105
36368
6213
49857
36657
35533
7854
20190
35774
49421
11922
29997
43700
14235
38067
3035
44655
49601
11515
49667
1705
22836
9040
34195
46396
624
13685
22112
11802
42290
15250
26139
36227
22130
41226
38516
991
27587
3627
25682
14272
26531
46117
33988
4224
38052
5855
43703
29927
34715
36069
37901
48051
9999
26388
43852
48634
9266
39272
15273
46527
584
33401
3505
41163
41574
17128
8374
46204
28593
10085
28320
36012
30009
25113
14379
14670
6538
11988
1032
16385
18324
711
38983
16082
37667
21237
32163
1429
44705
27284
26751
6494
5263
48681
45173
14021
17036
29374
25525
48597
30345
27399
25553
4242
23742
44308
15502
38771
12930
13450
15156
8753
28462
30080
45134
49622
37404
33148
24590
5372
9590
41214
43536
18537
4212
48219
47479
39491
39914
2620
27572
38700
42150
9485
39409
12583
22330
20350
35627
39447
34690
43831
45794
36668
13734
19487
16422
44736
28394
9550
9469
19477
2174
49444
14924
11390
37774
41758
41738
25794
8308
1238
35951
36017
4404
23376
42845
15197
1041
23344
31631
20862
29973
3658
39940
40539
2258
45512
30544
10359
36803
33064
42161
22696
14159
41274
16381
22590
24159
18050
33680
31465
43988
