43039
5430
6900
42490
38806
10088
3738
40224
44042
36098
41291
4978
23019
16519
39924
18385
1341
40883
12882
37037
34043
7607
15728
1494
33029
1942
17707
24403
39891
16456
17851
24347
6279
26950
16674
22653
29252
4723
25381
1839
16477
5451
1173
33922
24688
8168
34911
36733
10515
7122
17796
46223
13377
38403
27032
36524
13690
23990
8624
48417
6311
27145
33954
6806
38018
14759
24205
29457
7416
16090
7726
13533
48716
3770
24223
2301
37063
38933
49869
3014
18828
496
11316
7832
48261
9830
16938
2656
26997
7246
14412
7305
19697
13806
14422
39620
10779
12531
40872
38328
49057
41362
32470
30001
45126
8146
452
44912
2552
13236
45597
7179
27593
47582
19622
10859
44630
5775
24075
178
41050
42603
45577
7764
36483
33076
5066
47700
5584
25487
3375
12679
27725
7264
8258
44218
32059
5408
7315
17538
5553
35974
32233
5885
41229
42365
47823
45628
40523
24500
4424
8215
22164
1460
26723
16196
19508
13547
19793
19863
6709
32666
3977
29006
44741
32022
11544
9572
11793
48325
4590
42410
31493
16460
44295
30050
11042
40836
46089
14212
14845
33155
6347
42210
15951
35874
38413
20327
30343
41901
15805
29749
7377
25642
33376
18823
10959
6607
43087
20844
18278
16984
337
21719
25494
30795
36837
19193
11898
2460
18748
48239
22794
9861
16426
45994
46163
38483
23833
26966
6326
24675
39056
1705
18403
8839
43903
25214
31433
27875
25415
44322
18579
42138
28048
22644
13342
44412
38299
11895
9310
37894
38020
24997
11138
10168
28908
512
38998
8977
14419
18994
16435
9082
19596
40786
2662
7860
19063
41202
25235
5659
42580
27007
24134
8274
6848
29770
40686
24474
35222
46397
38092
41106
36859
12836
23709
16378
