8785
12240
48847
6916
21567
9187
42215
37643
49709
23881
18696
7894
27352
39287
11901
44016
23189
15555
17221
16258
14292
21090
14498
48676
46597
13325
41008
45862
42489
11607
12183
36924
24717
3345
9370
5495
32742
20873
18314
9992
47205
18318
5756
17891
4195
807
27515
13524
17046
9270
2325
30714
11955
36529
25560
5253
27172
6091
38428
23533
28647
37018
19705
47990
45435
15026
45588
38783
12139
39604
44857
22028
24987
2867
7659
47879
33989
38686
26393
18240
1607
2286
40290
3661
46953
36678
42822
6525
15354
9352
2937
30293
15977
45024
30770
32593
2385
12353
45942
44438
10744
8637
5828
24746
24817
29391
35462
38297
8270
12783
28865
10772
24933
33736
12303
30852
30390
45803
24430
25085
21447
26527
22731
10579
22867
10714
11798
25075
8760
39975
23110
12723
34300
47649
21842
6540
21728
49397
35523
21140
31992
26470
48224
49302
13864
29585
2978
49479
18748
5419
6908
47043
13152
12811
1725
1525
18920
10858
930
27571
16735
47778
9231
29234
19938
32604
44582
20339
34490
38951
35703
43535
28971
26273
1763
26086
40468
40971
17391
15863
40583
44776
10428
10488
32444
18076
16184
2713
12370
32756
12254
42687
26513
7155
16994
11831
21839
6990
3652
26781
16717
22054
18510
4599
31741
7843
26947
26364
30067
31145
20588
26896
11282
47965
23270
25369
592
29334
44340
15282
20289
44709
33231
23965
16976
26887
47502
41885
38724
33530
11511
37024
29246
289
24666
45058
18428
21175
6939
37860
14279
22902
39288
29579
41910
49687
34746
5937
13247
36849
22056
36062
1753
49876
43464
7995
2546
33617
5604
25498
11589
20974
43058
30986
42370
39852
27332
27508
36836
34910
15976
7303
43019
24954
21312
36220
42178
34461
36992
32195
8049
49661
10724
10863
6491
884
28563
9393
17759
1150
14184
48010
20778
39605
40744
26058
9610
21729
31888
48005
21456
8632
49833
29058
9604
27907
47021
14322
23922
2652
10364
312
11294
28980
30535
31483
36035
5003
34966
19173
24678
41776
16310
38888
32938
241
23265
6113
26275
9893
4280
22338
8250
48855
25221
26966
10397
27863
42534
42719
27072
39875
17638
19448
41949
7533
17848
39371
24412
13086
31585
38568
16583
30136
13928
33787
27296
34542
23095
25735
27700
26479
28317
3838
45176
47022
45498
23035
49720
12997
5567
39825
10161
32200
36514
34413
15059
7444
43836
31137
18235
32530
4765
47128
26490
30743
44274
127
20475
47639
20713
33423
9164
31475
25478
4791
383
40753
38830
21636
26266
27468
25008
26279
39722
43485
44286
26941
27604
2765
12795
1186
37823
4216
11528
11660
16804
22034
17392
29635
30676
14966
49982
8509
25803
32646
45687
2586
22114
29364
30565
12805
3855
24883
15889
673
45640
39352
9371
34581
49340
24274
44326
25626
42577
7523
44454
41616
26473
11397
23222
25635
18719
40265
