48384
16184
27776
41114
25723
10108
40581
7355
41269
6379
39732
24190
38930
16212
40994
25206
4879
35644
8545
12987
24459
7488
31672
20963
20072
32629
13627
22064
41383
42940
28327
38085
4474
3709
3882
24167
27907
32187
47870
29336
8115
7349
38076
35957
6782
1831
7708
24470
21169
33011
24318
23661
31122
39956
28266
19751
19131
30242
46977
11781
2869
33345
20004
49081
7599
34714
6295
11626
39827
3257
42158
28063
9701
16968
5104
29221
9520
12611
2520
34669
16408
547
35407
17641
6912
35968
22749
3798
9213
16148
13344
35932
18961
28921
27143
40703
7228
25416
18351
33468
5361
8813
22692
7713
21492
18622
22126
46387
15045
42463
38916
9541
34213
23359
44580
31963
18361
40407
37787
24469
12853
43849
25702
20988
17977
12161
7811
32234
40553
10453
40045
25237
98
45203
662
12980
19176
18617
22146
22688
38406
44943
5998
42474
43908
11768
8679
44431
37429
33084
41547
25168
33753
14641
46932
1103
23436
11579
31274
19280
4080
44277
7091
19718
15651
40487
29839
1287
10910
36195
22455
29032
46373
26613
1082
25222
31325
25081
5324
49398
33991
19002
28643
29521
46831
27826
11023
39454
18460
29604
15554
10756
28500
27853
25823
38449
8649
11072
6796
39863
47292
28053
26991
27442
45846
13998
39939
48967
3684
29658
25725
39288
21639
16650
33149
6169
140
46713
13279
26913
31254
33848
8467
30141
9102
47855
46472
17345
1449
21422
18182
11428
26152
5890
34577
9626
22395
39475
11069
45330
6963
47253
32385
41940
44241
5548
35460
38083
19058
22876
36874
31993
47331
21252
11132
10728
13707
39210
10028
16422
28807
12572
35763
18861
9100
43511
3750
47940
6410
49467
41816
17912
4995
26175
3672
2740
45323
38196
21318
30565
25591
7936
4044
22502
46671
44648
14296
40056
5734
32306
6341
20002
44411
2791
9779
28197
31704
47841
6296
17645
46516
48668
37929
48077
2341
31564
32930
38619
31731
29924
11899
17120
33439
31556
11798
568
5345
18187
28583
29085
2593
41308
46944
33512
35861
12741
34860
11280
39350
1101
19679
41469
44050
21747
24018
46105
29140
17523
5695
6309
15370
48306
15783
20579
35530
47631
18378
15047
23317
9374
28059
728
17813
27307
20135
13178
33975
25351
39026
8131
4777
31766
41070
13614
46949
19734
18070
33694
6957
32565
30151
49125
14161
1848
16818
23585
3508
31745
41443
4627
1064
49740
48817
40183
14721
29384
3811
21626
35838
22500
27174
46212
47185
18156
46434
15031
36404
12328
17023
28787
27472
6875
26910
24566
26172
11100
47120
49928
15575
1891
39101
13132
28809
29068
19012
1811
38059
45810
45820
3335
39065
31040
31067
44683
35602
48585
16089
47538
47295
49729
29177
3100
24008
21564
36846
49818
49592
40834
12478
18691
11658
22443
9471
18143
19368
23085
28114
21489
24760
45207
46186
40771
1782
34164
5416
39507
44588
15048
43312
12401
560
37484
37604
31356
3054
18287
24846
22648
16070
26992
49555
21675
26565
40502
28546
11045
44093
35170
29165
34058
39964
27991
2890
3569
46964
38755
3741
13121
1050
33235
26972
