19159
39060
42340
42422
43675
44544
654
25753
11480
21913
35785
3702
39934
21666
33026
1380
31959
33550
9773
46627
34466
2304
37116
46761
8928
14214
27277
39184
6713
3086
27708
4326
16323
8896
9753
23912
16896
46929
40853
21076
19136
28904
40348
34790
12628
7328
41231
29620
48652
4296
48193
11813
18754
20958
4178
19207
25608
48556
8505
10175
26974
13514
3024
29471
30243
5685
12570
1697
48460
39497
27702
6248
43841
11861
19318
42126
26759
32358
31871
27456
29151
23037
47
40196
43430
636
7742
46563
2313
33285
41331
26698
48100
39137
9445
6818
36748
14875
7327
42204
17795
6916
33817
27548
9062
42949
25074
1236
27159
37784
46489
44685
4662
46202
24149
35208
18868
28083
7166
24940
45114
40260
48092
43104
30438
49458
34407
41808
27896
49862
39364
17544
16560
15519
3350
25452
600
34675
30657
26002
22559
15852
47012
33263
42792
20373
14886
1865
21292
32717
40179
48670
35166
5110
38868
6026
14796
21128
23326
46166
10653
36652
35725
47216
11058
43131
32552
34871
32364
49267
43164
29450
46847
31403
32641
182
21696
43921
36563
44839
34678
8111
5288
21919
6600
35176
5363
22445
26637
49341
24156
38141
11852
34507
18540
47822
22020
42733
314
22078
45792
35394
3515
42132
2285
9794
34082
3708
4230
18756
43738
2738
11184
30635
14490
5590
531
6950
38579
17209
19066
40282
14944
41935
5370
48949
16238
16600
27545
46443
45922
29510
698
4715
9945
44379
6389
43934
49372
5202
37524
33675
37627
10748
15075
32162
47255
18942
1709
37535
27785
17574
18697
13747
123
22886
30569
27535
34990
34488
36738
8397
20381
32599
15806
10491
40087
31066
4716
5351
39344
40981
35211
47039
10894
23671
10478
35046
31901
8388
21373
27262
32408
19736
11685
6879
12931
46190
42095
37463
7867
12270
45675
