32978
7107
26532
16587
6888
27441
11077
21872
40703
42449
36798
16472
11657
38066
26837
40226
4979
30994
23236
37598
15875
24501
7618
33830
14633
48519
31389
28147
36941
14714
21626
43087
48981
26878
36984
1132
47900
24209
4582
21593
25715
30157
25469
14351
30513
48400
41584
11896
25903
47115
34362
43679
3284
2929
4357
24056
11085
45461
1122
27728
7732
48721
20528
45819
26036
37242
2729
37417
34756
43110
43556
49121
18302
22043
33101
8013
49784
20649
20113
5953
37311
49126
32309
16778
8067
28151
29472
28755
41573
24030
4551
31301
11586
36630
36027
2208
38990
6069
45666
17629
24097
35001
32777
25270
49846
17083
5248
45796
25429
20443
390
22987
23505
18477
26232
33179
27624
29057
29167
10661
18382
31761
31809
36416
48790
23340
19402
44743
6004
34654
23756
4114
4106
32501
23091
40149
30340
38737
29928
45319
34447
9327
2838
35105
48153
27155
33446
13597
39135
6807
23020
49059
29324
40006
987
49184
15885
9936
5283
25069
30889
8322
34261
39628
19574
48101
6007
28454
31591
17969
29689
20794
26109
25693
31353
29449
47832
49986
45068
39661
39258
29206
13605
48742
9945
22664
49773
30391
24041
39183
32094
40524
17184
23750
11934
46075
19065
35011
38593
24105
19848
17825
37201
31384
5171
11316
38633
35066
3840
43657
6519
271
49990
13420
31025
5044
16410
44718
13560
49653
49540
32329
9689
39193
30365
9446
11906
49295
35286
41289
49194
37009
9939
1301
48629
