38771
28224
815
23857
25228
45771
44905
40156
31841
11725
10960
6887
23202
11269
1990
2954
24315
11797
11843
10732
3667
38411
42927
21359
31138
35409
44889
23425
39095
15682
8991
7024
18852
264
3139
38940
35334
16959
32465
26854
2108
14118
12523
45242
4084
26576
294
25640
6984
49981
3767
26635
44356
46621
12650
18114
49996
29872
15518
47246
10649
45755
27171
19515
47800
45052
10814
26252
27337
30687
41480
34818
11605
31313
22320
41148
12920
3167
32437
44167
13001
18681
43016
28293
33478
37346
33708
47980
15497
46126
38193
334
8695
23578
12813
17828
2913
3800
41525
7619
9867
45215
16393
40470
968
30756
15615
46767
28488
20065
20124
9545
46179
3208
18233
38009
32149
45508
17333
34247
6378
46809
32381
48022
40747
23335
12043
1187
18808
43808
7852
26833
15787
9742
15511
36066
34154
26666
34924
45066
33168
25229
21960
25748
34051
21383
24551
6051
36293
23574
16737
266
7101
41340
43647
34681
30509
32820
26658
26846
18853
16462
30669
42045
41751
15444
9761
1125
39000
28923
1956
22613
44106
35488
6203
31022
14193
14471
35264
48775
29056
24517
49722
48396
39531
17959
11365
33125
25203
43093
49484
37110
44603
30131
13116
26776
1122
32292
35373
36596
29727
475
39877
36429
11431
35232
43977
16491
36674
41293
13365
21717
14241
5979
858
45164
38731
10854
30455
28724
10299
40243
777
31680
17720
3728
7057
4330
3643
41435
3990
1383
5277
30271
14274
5737
30774
6502
558
33563
1950
20918
7053
2683
22746
35493
49379
29020
18676
46270
27714
7489
35183
18990
13836
48191
1620
48818
20827
251
19296
19412
30564
48341
15214
43979
38120
25847
45278
38874
31141
19213
27958
8705
2063
1625
21003
25291
17468
17265
37087
268
41551
26889
9066
39179
17889
3908
38516
30491
33746
23175
5091
29780
7542
4893
27459
10427
35216
6234
40983
39539
15531
40132
43149
33206
12594
14591
29622
25587
31144
25727
40469
17829
18659
6578
10368
43611
34308
1162
37950
23595
9217
9934
27060
14311
30740
694
5895
13290
10673
39262
12255
16564
44697
11970
41642
10941
40005
39703
7769
19297
16683
17487
6728
27712
11777
42291
28121
3376
47268
38436
17861
3828
49910
24185
3714
8984
39614
3572
32648
40668
29531
12135
34655
1808
24588
16660
48378
32529
414
23811
36235
1263
23301
43135
35344
26740
45716
41810
4072
7190
49924
4191
8669
2502
47524
48639
28718
17636
39212
10560
32934
12521
29745
5435
18660
44900
9842
41930
10570
34030
2311
10536
38056
27490
24142
28102
38210
29181
5918
15195
30627
37113
3842
13855
3280
21921
24429
4449
5962
28466
23929
46194
2282
31876
263
3814
7800
46859
18057
48113
40058
11081
2610
12688
22497
32443
12408
36328
17075
22490
12075
45
42473
49283
3894
8393
10871
18848
29562
12775
893
24388
42777
30995
12091
31463
32635
40895
10000
5433
35548
11495
10683
15160
978
5102
16044
33684
25689
41570
28862
35459
11414
