19530
22632
13112
23650
30134
8032
38267
28475
25559
8119
30103
43541
42445
28931
17999
10592
32599
1880
49939
2651
12696
29304
37935
8425
28552
43484
43456
910
40549
10997
36482
1267
27807
24880
46218
37779
14854
47842
4066
21415
30171
15228
3010
47822
43074
45424
14050
45160
26501
44249
41030
17365
8806
30604
30780
14386
2683
38829
41840
38299
15782
44527
16483
16067
24401
1853
25535
4802
34602
31965
11005
38658
26128
18118
21267
19784
36663
45887
24427
47784
34914
48102
35132
6518
25719
43518
16283
506
8033
33917
41711
41511
32292
39327
42663
37767
16520
16196
26088
20175
42281
13030
12068
10269
37943
31534
31833
41513
17742
39109
28243
47942
27581
47025
37316
7392
14213
44544
3043
25241
47495
490
24070
8572
28568
5186
27395
27113
8562
6725
48828
38496
11156
316
26300
25184
13839
40183
19271
40745
13662
15279
45547
42729
47432
15049
6305
45922
7420
28912
13922
46551
38968
32081
28697
8674
42070
28169
41275
23201
27781
14734
6443
114
27623
38043
44549
10970
13029
38609
47059
39594
31784
49850
35302
41528
36047
19717
7807
46128
33843
46184
1419
12585
16303
19386
39806
36098
19524
29367
20138
24643
20037
24551
45520
14584
30552
11735
34719
22039
17592
38690
33642
4363
23287
39798
29981
37532
17130
30038
43347
42740
43174
11033
21373
25422
38280
731
5823
36953
48619
34151
40461
7256
13068
13362
10753
45119
5588
505
48518
36929
10019
40507
6331
39676
5558
37622
36091
29612
23633
36561
23294
44487
27004
43744
22765
2481
12596
42573
1189
33535
48815
19882
17754
20209
45740
22982
4705
1821
6508
47315
16459
17331
40843
37493
20373
14627
22687
47547
5020
16950
15357
30444
15467
29540
27094
11734
10409
26659
46700
28009
7526
42812
14049
1196
2994
27425
21076
5849
46060
47307
43882
5215
39295
45411
31393
32100
45817
4198
31429
42683
38202
28658
484
33640
16361
31929
38815
31085
36746
23587
26099
32856
12924
15119
5980
12658
45306
49159
20814
14774
45135
41916
13439
34799
30192
13848
40637
42314
27993
4256
6984
21032
2269
38036
48150
9098
27722
13804
14263
28516
44739
23643
26611
12487
33483
44437
26812
8542
36752
28362
26458
41679
5359
14160
35966
7078
1014
3319
16477
35912
42999
29629
42505
15748
22320
24879
47277
38401
14406
47007
337
42658
15943
1959
33531
44330
901
36774
16604
45571
15538
34295
43014
24581
4507
2285
37525
16924
15693
28727
45632
11510
43040
23826
27423
34896
14867
36476
28131
25388
39045
35803
222
18038
3017
22484
17840
9046
43318
44673
9772
46238
29624
13537
3637
12298
