18914
6059
237
35390
45485
33318
9450
29273
22180
17803
20134
7457
20399
25138
45843
47489
33642
761
49363
17015
16906
34723
15255
4066
46042
16899
17800
26620
5656
30724
26561
42991
28839
43153
2260
37534
4486
6189
21010
31650
29735
46447
40715
8912
3495
30643
33777
12682
11746
24833
39908
42839
13474
26142
16421
9147
16454
37709
345
45286
22134
24821
48464
12961
23341
48420
10243
11298
40993
24800
11355
8094
41250
27185
30226
49325
1960
14409
46004
13734
35975
31487
32029
33032
30974
25812
17939
12471
29226
25187
19391
41504
10992
21124
23054
21398
47124
6030
9007
18576
33679
11618
15354
466
29178
47888
13744
21459
24031
35329
41559
38554
36048
44946
49076
23716
22407
6429
35190
2105
37542
21764
44976
10154
7436
35565
17183
19580
21243
41855
22709
39615
6706
39136
8234
1216
36787
36229
47644
2123
23553
19916
25803
36348
39084
18992
10830
10315
35551
10075
48910
20730
43211
12837
48110
23451
48399
38015
32235
4254
30913
42766
16007
8873
9714
9044
29164
42642
32339
4598
37222
33854
44492
28001
8396
17584
21565
27146
45047
36749
38640
1606
10516
39838
29716
8159
8175
34301
33304
20886
30258
40210
2904
17893
19396
45856
31797
17288
11638
40060
39043
14259
7274
44470
8399
7407
25005
19336
43012
49269
48345
5374
44362
16121
32729
16159
14438
16617
36557
43753
3081
21235
5320
19237
29062
18743
22414
48981
26291
33030
37335
13794
20515
35063
11581
7234
9212
41791
26959
27920
16632
16224
20117
24855
21059
11765
18826
29400
21671
463
9561
43117
21548
8910
13203
48326
11648
23823
2021
7345
22639
41036
31879
10419
2731
7249
20012
16834
26866
23855
44171
48558
38192
8856
35990
23991
47418
33744
2741
6834
27935
39951
36684
1315
4389
31519
41458
22913
35248
21888
46120
15016
13029
9931
29726
30212
48135
1379
15476
7586
10766
28348
20655
5916
3248
4963
21766
36240
30505
16731
40528
37019
5420
1955
515
30773
45455
24963
6132
17734
35584
48194
46034
33565
41475
36672
15243
30919
34512
23262
8227
42718
10457
6523
32493
33195
30107
47640
31682
15147
37720
12416
45293
12759
36400
47289
43053
25699
34429
12501
17873
16705
27691
34828
1681
8917
45627
4246
49111
34103
35471
33143
4252
8241
27946
19202
39377
38404
43938
22680
14407
5179
28027
31588
47439
25356
28064
18713
9344
32835
35475
16133
19994
12126
15645
18721
8279
28178
10603
24380
19363
4562
35224
18380
49330
26339
37251
31848
2233
18098
38003
34589
38665
47044
44140
36394
537
27651
33327
4790
24759
7768
21883
46774
34965
20549
19866
9473
22341
13601
3625
46155
8677
5333
313
11574
37855
21109
14171
32440
10868
3345
55
20364
6173
17940
21947
33169
15959
45562
3596
38824
3630
35641
44969
29163
17182
2873
27696
38997
36044
44390
10908
49265
34034
24055
13554
7522
42230
33784
34820
4256
19744
39307
9731
11094
2589
44370
45261
48039
315
48256
10545
19769
29549
33460
34532
14001
26943
27605
5468
34205
29115
30850
4748
15007
6666
29461
5511
40606
5764
41574
44828
31189
44761
13875
12721
24477
18363
476
26157
41419
21966
3655
30796
4912
30485
41384
33292
12490
14792
12342
27178
46144
43346
26286
23850
21640
33028
41255
38125
34455
13011
22452
41967
2008
17013
45246
41333
20747
16222
1975
28607
1424
10508
14378
48874
38320
14170
22990
38739
7229
22685
42312
49075
31893
7583
40270
45100
36056
12634
45815
11677
36843
18991
9462
23392
24040
33764
35581
44729
40457
48108
49938
33295
21582
3191
36345
1316
10019
22165
15700
19946
31604
43319
15774
25691
39249
40972
5282
31640
9754
32503
22302
44752
12185
4210
42916
27502
11789
2573
46153
39112
18802
6754
7738
33701
20467
17091
27407
29894
31081
43089
36704
8654
13391
5239
15382
26048
974
11032
29369
30046
32410
26831
285
23794
22580
6305
40598
16181
21513
8584
35284
26921
18426
28402
23372
46185
39114
34963
8544
4234
