34010
12710
21327
45821
20834
1584
13908
6280
33590
7787
21157
15885
2041
27927
41038
16451
36781
33329
49573
31621
36367
16825
9649
7455
49712
27222
2287
2645
35165
36543
32363
2308
46963
33246
21727
23765
37861
15327
39721
21833
9298
42129
17260
35153
42181
26877
34241
6028
39368
28527
9242
28866
4897
21802
33122
39477
43263
44576
46838
17459
1519
23886
21493
8247
47762
36248
31827
37301
31154
49480
10424
17715
47694
38939
33342
17842
49104
11722
16253
20380
21454
33889
25403
11996
29066
9566
3143
45752
4261
39051
27715
1214
45633
1784
16199
14369
24826
40894
1919
22530
20145
27082
20350
26627
10702
10430
47434
18060
38199
26610
41391
44939
27229
14720
38175
8744
26113
21709
15484
8885
14056
41602
40647
42523
24133
44010
5679
34423
37270
29491
18474
7756
26881
34243
13494
18180
1453
41454
13495
3110
19659
8796
28828
34278
48078
34638
32809
46069
10304
72
33457
7429
39067
37185
47892
49253
11185
13702
44531
26797
10330
36064
12355
16754
36989
35925
2138
31559
4091
38460
49160
6664
22899
17348
38722
7428
38202
40035
15300
13381
22930
19050
44658
8995
13942
20230
4354
26351
20201
5217
17132
28303
40117
7732
18344
28636
44388
39308
30088
46758
6692
39356
45768
46344
31155
33499
10921
37168
21399
18473
20728
21468
46921
31415
34345
32157
48707
47098
4064
37358
29931
13085
8466
37187
48005
21213
40530
32256
5149
39206
46670
806
1423
15710
45674
12112
27084
46916
369
