37426
33098
4686
11030
35723
23540
49270
34808
18905
30004
29587
30772
16246
9738
33364
2368
11862
40221
29435
18484
27980
16227
18975
4666
37123
42890
15704
26832
21299
11305
7128
167
40619
24424
23253
13386
39058
23372
26862
25834
48046
15198
16524
47173
2648
47441
32660
37995
40098
6249
34059
9499
43436
31580
22772
20662
18738
14787
32445
18205
44336
23797
19801
12289
30719
24847
3223
30413
11366
39545
13444
19391
36106
13562
27413
33788
18068
45451
26934
13313
25105
12880
25413
22915
2737
2883
45921
27216
33951
13708
39149
1932
49589
8915
21670
43850
19716
12248
31121
18604
9439
47252
36462
180
36710
34958
40464
46137
18493
41307
26220
48577
24077
30805
34791
33911
8365
462
49072
26191
31639
37303
30924
21512
27982
36203
16888
4610
43860
29047
8972
29792
39802
14688
27043
25186
25796
43171
41985
21206
44097
49516
40974
23563
31218
24728
16758
38606
44773
43483
19558
31445
18599
36316
26328
9053
32669
39861
23501
14285
10658
43396
4274
37637
3181
53
26323
37236
28297
14247
31398
1591
26354
19225
26022
42415
9460
31485
38404
9009
27277
14122
48276
296
37080
46856
44089
44590
27850
34313
12350
33533
30697
929
27806
44175
42431
31732
33042
28464
37151
41906
34460
32050
49172
1799
20444
8611
38461
28485
49266
41117
3607
41959
38333
6563
19845
8809
4347
14829
46974
41204
40222
10817
186
8203
36889
35280
10738
7190
10991
22512
40311
8017
6389
21000
37412
21597
42131
163
19743
18838
2988
3783
41348
35047
47265
22773
7515
36641
39181
44801
12778
2939
7095
29018
33408
11496
5931
31033
12112
25204
12827
29634
12483
45370
5200
46113
33905
44194
46247
13508
35857
11845
21754
4088
18776
27643
26738
11721
