20337
9238
2681
22758
9982
11063
38625
33425
48568
24554
34107
4130
47730
46784
25527
20481
14759
39354
26345
34318
9010
6420
31001
23328
27936
28388
31431
23519
8882
11893
2318
21576
6311
32811
29296
27848
35490
35260
15073
6199
19082
48190
28023
25863
37418
26368
2105
47932
8525
27537
31654
15802
31906
31070
43118
11333
5775
3803
45998
44953
14197
13767
2911
17397
15280
11296
18620
48731
24886
27267
46172
30005
6416
27054
5755
38793
25152
9242
30235
8983
31700
39615
45778
2984
20536
32470
21183
1093
26915
40674
45234
8310
18527
1090
30725
49464
47525
17358
35460
34930
38250
48393
1366
20349
32121
7505
40552
7984
33149
17995
42554
37608
23590
2401
44435
27128
22305
44543
19073
17954
10324
18336
29478
43204
18799
447
29030
21785
12214
11883
17776
40784
13240
5597
26424
13732
16618
49623
7055
15812
49487
45800
40547
10303
3000
14131
6437
42182
39544
37025
15388
10842
11621
37304
48068
21079
23640
15082
41188
11754
23422
27161
23481
7096
40263
36179
6166
2746
48993
5817
19419
21726
37137
40012
30246
46605
14809
42224
7275
3127
12162
30256
47161
23549
4657
24769
42547
41844
45948
17927
14126
25394
25359
34922
39313
10486
38218
23162
41510
41644
21042
75
4724
15401
31362
46728
28232
48274
48040
13716
17712
37052
18968
20666
35417
15769
46822
22534
33213
11225
45936
35466
4248
30385
29506
4749
29314
1671
21153
37908
39514
36156
2906
41630
46878
4859
27712
48204
15993
46559
22244
49584
9552
23619
36760
27524
34031
42722
31053
47776
14080
5664
4506
43927
30324
18315
4897
30926
