40256
28176
15006
39343
16880
3963
23409
36977
11765
39204
41233
43614
4987
507
9596
3027
3171
4474
14981
12224
10698
29655
46566
16444
46081
30806
39351
11006
13653
10183
16656
12333
11751
16125
40179
23325
11456
33771
7978
5146
38501
31153
42942
25118
32217
7943
23364
3344
30389
31841
8462
30543
37349
31696
34555
31912
43666
13529
19617
38138
42203
44524
37026
11158
23122
41032
19248
36583
33577
6765
1941
24294
22317
17750
27119
20381
10121
5552
10223
33614
5688
34515
24680
30189
21103
7538
15376
8283
43667
29749
24459
11995
24913
31433
651
36863
15477
25710
34017
25583
47496
33014
5773
6178
10773
29519
31087
5778
739
42045
9477
8842
18434
45041
33517
38300
34243
11738
31920
3115
19566
35114
39429
8004
35514
24486
8561
49332
34499
45521
28554
1575
25883
16484
2603
16677
32658
39399
12554
19251
6730
43301
48198
9752
6645
32335
31964
48769
37510
5904
1409
25434
2132
19366
31959
18998
37965
34971
38235
14509
39440
14152
40516
17097
24235
29445
39157
8105
49557
33077
43340
36318
2564
39315
27365
18517
44203
49007
41035
26868
45538
5006
20842
30331
26873
9265
39857
22537
1590
37734
34721
31285
41416
20266
10437
37302
31832
30208
38763
22910
5776
29153
32852
19181
33541
26684
47070
12241
12548
16420
17361
47934
32302
34559
24143
5328
8756
44839
29049
3555
29595
36817
32662
43190
8160
26648
37489
29699
34765
34452
10824
26131
43697
3867
27528
39032
45013
41370
10185
2844
23780
41075
6932
22582
44293
39507
41918
13916
17569
44586
41805
28460
27414
40638
29145
6608
25444
48000
18160
42348
46996
3568
14231
49148
40307
25739
49026
43380
46428
49110
29453
3060
38233
1718
12270
11543
16896
25913
31686
32732
20530
45783
37232
42412
6397
18393
13465
314
22503
30393
28283
25355
5108
24400
14143
8475
1203
331
39872
25636
47785
27575
29596
33532
21516
42213
43584
48159
18515
35471
15394
1520
24368
42329
29006
23350
14705
5114
17209
3280
36549
37868
18060
46249
8614
45186
2543
26731
39304
3873
43135
18755
23155
11092
47211
41069
30459
8495
33968
40205
8390
29953
46322
29308
13003
25689
35411
1640
1327
17809
45897
31693
6784
23859
4611
36158
5470
570
40082
42971
32829
15268
2871
6454
14721
5697
5891
11772
29562
42181
32650
13845
22509
17663
22860
14028
25501
39791
13875
18215
49885
20008
33696
45049
47532
48200
420
11773
1533
5021
21271
39508
35568
41439
30191
49314
