20705
40878
2763
18309
25577
4625
46100
7838
44400
14420
40026
47210
11336
35040
48865
18955
21869
30230
18556
13588
38419
13100
17602
12751
37802
33608
35450
13230
18110
42407
5519
17318
19695
40964
48829
6383
37977
32618
35399
49809
45490
37688
5902
17955
11421
45429
13391
39803
7127
33312
7567
36790
45890
40963
12624
8931
24635
35092
15106
5770
7801
26241
12265
28590
31535
10883
25035
8388
38563
3462
15663
33154
2547
49283
39043
35228
13186
13075
2907
21515
13772
22757
27630
18064
36217
10918
46207
35532
34307
9616
21931
39482
1218
3167
4424
42313
1998
48176
29829
26383
38953
45735
29642
28074
38155
5272
12973
38103
5054
17042
40112
18703
48770
16608
40540
18358
8543
34136
13750
44106
46104
14007
42473
28689
49882
18540
37054
2239
33742
31708
20165
42204
4074
42280
48703
31075
33570
37125
2090
9345
45460
34266
31050
14340
35595
4965
19597
19972
10979
36418
24871
24578
33556
19387
29031
20964
15039
43658
39847
10523
44155
4925
32123
32463
39683
32325
5876
30843
31951
22554
12415
2176
44160
12894
17529
42824
19162
3126
27061
19088
23136
11087
41037
13282
38525
38751
47628
26719
30122
47719
45650
45120
45381
44338
33645
6411
27679
9972
25672
23761
32357
39267
12745
27280
2334
10806
38644
43539
10016
35854
13921
35505
36447
9557
21198
20249
36043
11157
17882
32425
11416
30142
9348
25781
40970
5431
42448
17745
48449
17689
41685
6324
7813
21800
15567
22787
41859
2966
33433
21066
49610
6928
6516
25447
19318
47220
43877
36185
10192
26792
37475
39279
8962
16586
49520
36490
2207
16813
12944
40341
33630
12825
36039
41649
43002
19240
11539
9916
41341
16599
29363
20645
12531
38430
20511
22098
17705
3286
1702
2166
19058
44661
25169
47226
16088
44913
10680
49065
19804
35084
21808
29801
14397
41421
8587
16114
31660
22384
15223
12630
10764
5243
39982
31119
49427
24731
38205
24536
39537
21226
43182
14628
8179
18967
39356
10174
3951
17918
18195
49333
17245
46388
112
48361
4159
39243
