7831
37364
36263
30593
37169
20091
28277
34322
44580
33123
17775
2739
21773
38702
36734
35391
6404
34718
21698
17026
46901
34328
10105
32532
25813
24829
38964
26240
49255
25486
34899
49509
32130
6611
44568
40120
43186
49843
34235
26771
10717
48232
32208
43549
3939
46333
13880
48422
35301
9110
21040
14522
44220
31601
46534
11038
17435
38472
49632
28369
20589
42582
18140
31713
34617
25820
40906
20779
41846
9061
14191
29327
311
32586
21574
39072
23214
2439
42636
6289
19080
6959
13982
11753
11232
11025
22144
16434
47653
23824
20945
32895
39228
291
30050
5634
33824
5059
14120
11514
31180
35672
27193
14740
27150
42287
15730
44722
39177
47443
28024
13600
4888
15320
48156
20799
11003
34687
29279
23352
26904
7882
40662
3386
29134
35707
41507
20376
7182
5457
15862
25164
28654
42954
4225
3083
18793
14040
47483
15090
32058
34741
29414
5279
18630
46384
15948
7773
3664
37601
36325
30420
40123
39437
15622
9909
1685
18879
33207
42080
39353
48911
20478
17952
15347
20013
43616
25470
24353
1981
19352
24110
31738
20346
24755
4218
2131
31100
38527
6628
23772
11624
12466
6333
21001
42498
34036
23849
5693
31363
20205
22564
7543
11729
48167
48853
46682
7490
11972
19879
43572
40913
22893
4509
1310
10207
8917
46841
14156
41177
39945
19422
7476
36004
29910
8859
46803
26366
29323
39711
12760
14091
3256
46464
6545
27469
31940
10712
40661
30628
4403
30118
13038
15516
14204
43519
8768
48747
46453
10651
18740
23722
26907
2440
16775
47798
16096
46876
34689
40306
41953
35619
13371
43296
17379
44161
43807
6354
43979
49530
18665
6742
5649
4552
8541
39960
48712
588
13894
42713
43350
38400
4537
17025
43387
29064
33980
32683
43576
16406
19875
14807
32772
3776
13421
18779
14858
32386
28186
46287
1165
31018
9524
46568
43862
4958
46950
13108
10783
3655
3839
43596
11636
41752
12129
16363
24178
17633
22711
8123
11779
14076
25393
7702
47003
13609
17794
2619
5717
8855
33323
17206
16672
41502
49796
38279
4550
34388
40406
13998
16419
11667
14192
17598
11878
29870
38551
32998
33760
23639
10564
45262
46602
5290
29400
39841
47487
47423
19640
38490
13527
11019
31507
40417
22091
21768
21790
476
7495
41134
6858
21895
4374
32786
14269
11010
49707
8955
40564
38348
42279
34450
37113
27268
49455
40537
33677
3199
18754
25198
3259
6995
9903
4985
33030
46177
25146
40912
1557
24044
5940
39421
31391
3001
14620
13235
15923
42254
