5275
12960
43176
35385
9014
24092
48032
792
9095
23599
27990
24217
21179
6720
43684
6643
24720
47531
8391
15543
16119
38455
17701
23860
8599
26106
33791
12269
30898
34090
1671
22399
37516
12625
46302
5347
47767
46830
962
19091
45448
18504
17335
29646
40460
7928
27196
15443
42612
29143
26247
19210
28758
37478
27240
29687
16383
25808
44979
36962
16936
17725
218
49989
38662
46354
39517
19624
32731
22720
4668
20464
18541
35534
23669
48320
28634
14447
19571
14644
8886
20866
857
10664
29738
18109
20043
16469
29423
30301
9642
14467
14558
13440
42601
40188
42657
25870
11097
13425
47388
44618
34287
2101
10915
14995
24693
17793
49782
4479
5694
1667
18252
39139
21684
26246
39766
18574
18775
34054
17014
21831
15755
12579
28654
40681
24273
33570
510
4775
15794
11700
36271
21861
48206
31031
13227
40418
40192
19402
33913
37726
23435
16418
536
44800
49127
23149
19281
29393
46084
21506
27433
40637
32962
24606
48712
36327
5235
37380
10429
842
27699
22951
30305
26258
19834
40602
5572
49494
7230
49319
24435
39221
24552
16715
39437
8133
32392
34509
35237
26302
34926
25250
6614
42057
46988
11636
17338
29790
43311
49846
18720
21772
31742
13453
46257
13046
44696
35328
41396
10
16588
32475
9600
36171
35552
18340
27909
21941
42440
1062
48144
31103
41
34049
8083
19674
36325
8972
42877
47247
43500
24093
27113
38922
45901
1134
46160
176
29078
35201
18017
19486
25279
5212
20778
25835
24453
49713
8477
40289
13221
31423
40401
6213
2334
25020
24396
41923
37360
24022
11350
10059
36546
23183
11885
33033
2939
15969
49915
17658
27317
47559
17869
2858
28730
20774
10107
23174
33220
38867
45754
19266
22054
13809
24319
7990
36525
1523
21895
11221
12309
3628
39683
27807
29850
23926
22564
3337
42308
47006
41338
23992
38942
36598
6446
32217
45168
16272
19416
30909
41665
35811
36844
15090
8902
34340
36825
31514
39694
15572
1402
24236
11995
9617
3151
13746
7755
19753
18820
36737
9035
35971
36488
35428
39225
45927
45989
25995
46956
1574
31639
11102
34191
2960
3648
5097
4163
44798
13521
11545
24088
7361
47914
16662
48846
2440
42785
20395
20321
30876
9241
33537
31424
24677
29854
9564
26042
43480
49390
37158
47193
48769
44012
14693
21293
2616
38979
4107
2415
34811
40100
49491
14702
25960
28117
36512
25933
43133
36854
18715
5254
8242
9907
33622
23980
15513
41717
13993
25477
38198
9590
46161
31803
4614
21150
573
9405
6881
10290
29589
33969
22063
18365
4142
47188
38605
32958
36741
3720
38215
523
41707
25068
39373
44725
32976
18921
5933
9608
21197
8473
14913
3477
40682
8703
44611
4735
32932
41111
5151
48217
12175
14952
27921
26955
13963
39740
18790
21549
24278
3462
47591
44543
19144
11939
40373
16946
7303
40870
30445
20027
29337
22317
4143
17712
2417
39872
33275
15725
2794
4225
47443
15274
18440
28101
28262
34443
44667
34569
45778
12883
43253
10217
43250
6150
40522
27843
2348
24651
42093
23153
12205
18724
17594
6705
24269
40296
31117
34980
41031
28512
41275
23167
31497
6448
47615
47947
40197
90
32889
41663
33107
28711
45319
8202
31287
38970
15008
49673
48880
48659
9233
36480
46609
38473
1638
32985
3564
21911
32813
46054
8001
36624
25636
46385
11822
36937
17176
25970
932
3090
1503
247
45395
27245
3441
41378
42695
46211
28629
26771
10215
23988
14763
42068
22475
18548
8327
26125
19423
32974
1548
49692
46612
32061
3563
13418
45677
4516
3065
39780
18877
16704
19101
2986
37551
31660
8049
15630
45342
39463
48493
41532
32036
22960
15910
9348
14195
27365
43502
13366
8148
46529
23098
17498
22737
45011
954
37704
47975
6031
18244
6710
34726
36967
27790
36732
49502
23356
9248
43187
24307
12280
38137
29424
18854
17227
14956
40896
8710
43458
42103
40831
26880
48610
45729
2499
47283
9322
8251
27849
29116
46521
1319
4279
22336
4672
49533
22636
25426
24103
3101
29848
6036
32644
27179
43422
4849
29803
18110
8712
46970
10458
3369
45394
2184
20091
40751
14416
41876
27076
20542
24353
22190
43543
4283
7692
22027
41572
22272
4792
34570
7739
3719
21490
7772
24369
43002
5064
6622
39330
18010
29945
25737
11313
33488
30011
19401
28944
3319
47159
43140
9071
39094
43022
45500
34938
38984
49936
7624
28912
26533
26369
27729
33410
47425
13845
7414
3033
39655
17362
41892
22243
47581
23494
2420
5995
16255
10507
48512
39986
25270
46504
1628
45612
16647
543
25514
19447
7745
15118
19
39239
23984
26436
6731
8295
29828
12965
15263
31265
40697
43801
17857
34823
34897
30736
22273
47618
14038
35388
18006
8924
30790
22881
35743
46083
41033
45945
30450
30027
39907
15851
19088
40970
14509
9910
14122
26892
34522
3911
35367
21464
6534
16023
38795
28372
18798
7411
42805
44157
11073
4074
25411
4236
24830
45084
35948
30169
40929
48813
43907
39105
46168
8546
12470
15981
12445
15968
29734
33898
26328
7134
36416
38518
16504
13255
43171
29196
46783
47163
41354
44455
23497
5492
29507
6065
6753
34906
5627
1500
33514
28183
3236
24556
43367
13785
35871
33859
13022
12035
46402
26969
12669
14060
42563
40234
37342
22915
11150
47326
29540
2846
22248
49279
12258
6286
36589
4596
26615
10452
11839
2902
43792
30781
34017
13504
29783
19142
23630
5754
5331
41913
40998
19030
15509
848
2632
35131
20158
47291
29021
7678
45695
6519
18276
7490
16008
13140
5712
17252
43237
13272
3860
10416
21113
27448
38064
41208
2635
17287
21420
386
37089
26271
6454
15695
17480
24140
34976
13014
40951
18666
35996
33093
34586
