16176
40328
10570
43865
437
7230
23418
24524
39549
18698
14664
5309
9741
49892
24959
48569
15157
3496
36117
42655
22597
20034
6830
12986
26404
2944
5001
37989
40923
43306
25386
3187
6862
18116
3778
32222
43097
47046
16085
8680
33939
30921
25704
35210
20913
17736
3282
3662
4634
41620
13943
33641
13698
5409
47542
10164
2231
31327
12539
15706
48620
48484
4933
18958
26500
48542
15618
31231
11475
35390
19212
14079
48163
48080
6461
17541
19246
48705
18089
42158
20746
12435
46515
27591
12249
47882
46112
17599
45660
35443
24458
25097
168
9571
12566
5417
18033
6273
48455
25099
20380
9611
28750
23435
9544
19085
18845
44594
3049
14736
37727
17065
17962
49372
42090
13116
26557
30111
12144
3512
22011
43300
30505
32948
2901
9074
6101
33852
32645
9721
29598
32596
10859
31854
38682
10143
34246
49084
19110
46840
8538
24698
25912
37093
47774
28928
31140
8678
35168
21499
16899
964
20343
18990
49239
36218
36773
25889
15425
4296
21371
32098
45356
44120
38855
3991
3370
38049
6070
49329
42613
17254
7610
3182
26385
7081
335
27294
48509
27689
26208
2865
40519
3437
8218
44880
16418
17112
47564
47951
31782
1592
34955
33440
47887
32898
27951
46646
20245
48997
37312
42103
48267
47163
46917
34582
26946
45774
22744
32079
48843
38386
39419
30613
38799
28862
14965
21308
33636
20742
30684
30525
32379
15773
46432
12285
10723
22126
4143
25324
32838
49957
22369
5988
10925
41084
13501
25373
46334
9661
11823
48207
44935
43490
18172
21361
10426
38824
35978
10929
37631
25463
26952
24223
45782
40984
27190
937
22362
5646
42231
36196
16202
12648
41956
2387
21330
49562
19622
2618
33925
24106
24042
14610
43156
11891
10308
27378
6232
27375
9331
48002
20002
26700
13021
44861
28355
15095
31533
