9292
35713
36347
8226
44760
27454
37742
24660
19769
39461
42089
12803
21151
46440
37749
20404
2066
1577
42192
48448
21293
8420
13339
44836
13035
27245
7967
16504
19437
40190
2322
2184
32780
42552
41562
14037
9037
8148
11656
43597
3688
5699
1146
20668
7140
6944
37258
24856
26728
44046
3591
27220
6020
14346
1311
28745
45652
849
16805
29715
44906
31161
26644
46160
27522
40776
33648
28521
48514
41621
20586
23697
41705
11865
49768
33543
47780
33983
16359
49945
41751
18655
40830
11302
548
5007
21640
46518
14520
20420
28452
34534
7870
319
20502
27164
24610
33687
33176
42986
16816
14756
32831
2723
8748
1655
27222
8072
9647
39714
18080
34672
23126
32663
12323
28184
15787
11853
14433
27730
38893
16661
1839
18476
29032
10401
9330
16626
35624
17847
39860
23537
49192
113
16673
3138
35623
7865
1154
6156
22999
47121
34678
17337
19624
30854
26714
21710
41964
23861
48389
41342
1724
14172
14568
5041
10647
19455
9975
2107
19416
12364
24655
44040
48683
11761
12361
5826
39103
21940
26271
24679
28424
9854
45364
12615
29965
8555
21555
17172
29828
2196
42978
17700
34917
1199
12910
34494
23597
43183
23888
13624
32734
39643
5698
32229
11209
39261
29758
46962
13515
9781
3302
6248
16645
34507
4772
1776
3473
40937
30754
25616
9314
44700
41265
46638
33626
13202
41787
37171
19004
8621
22179
21764
48069
33909
37107
27633
2839
40238
19681
1417
30435
10614
2158
21431
32164
14146
11379
72
8469
43591
20041
31679
36400
14890
14780
29175
48979
14426
40627
