49138
29840
4618
26437
5410
13167
20136
14459
826
18731
9971
40294
25792
688
29590
4626
28071
28022
40105
16280
31016
47323
42139
42669
7933
8736
2717
42648
29321
17420
35781
43221
11141
6994
47336
6774
41950
47844
25955
46892
22368
24838
20934
36444
25706
48756
8534
15880
11369
1889
38203
5938
2044
29294
27161
48042
15729
43697
37536
7399
33760
40495
22357
3957
11825
37845
241
14777
17107
17505
7218
13161
25764
38362
15218
5872
21567
44572
42073
8786
14025
38764
2247
24896
45877
29601
38864
26136
48009
47021
1201
41476
22107
24597
10357
6412
7841
15471
46306
6725
18838
33949
13070
47599
28173
33242
250
17360
34753
32215
39209
12723
43248
13709
4100
9823
7266
38989
2117
11718
43381
27806
19588
18285
30760
19042
112
24637
21518
27430
32167
46169
13036
26141
18735
21811
40887
36956
36731
46618
19060
46611
11569
45160
18455
24824
41617
46801
8144
11506
2539
17596
6259
31802
16270
23279
14695
16038
17741
24735
37863
6356
24574
39383
21117
18851
45655
17211
7700
20664
46171
31616
20668
6927
30073
35772
15020
35365
24465
45904
38350
47147
10827
3914
13170
32900
16449
3698
39372
33372
6570
27641
9182
33198
28294
40683
45559
45060
37219
44988
10296
17946
15076
45615
45742
42888
40930
18533
26882
33821
38715
37136
38296
49474
32377
38881
10029
38789
40430
5421
16540
7021
36612
34237
26058
33428
47504
9390
14189
16826
39777
29433
22656
15631
48291
14556
2834
9203
46532
43032
5605
29701
10537
1096
39401
28362
7637
42655
17742
48109
2716
34390
45332
37350
40678
34464
45429
48916
39925
2005
16093
860
14969
2292
26895
25465
46624
9821
37043
46880
7385
43949
45872
49228
7077
7842
41248
26372
384
23918
11769
38612
38134
10155
39452
31334
14819
46510
22781
27008
32145
14166
34139
18546
16482
45610
49551
4239
42573
38310
9144
23463
11140
15633
4699
12052
5367
15689
41741
30567
41966
30917
28042
14733
7374
221
17133
19321
25018
21781
28168
30872
3040
3768
46156
4135
13594
42248
44874
27777
30171
19546
35803
46114
601
7555
17049
3312
45556
5621
21845
44338
