2664
41486
5222
22093
18959
25863
35671
34750
3161
30958
16677
15290
44263
36944
5896
6606
14607
38225
30797
1663
7644
49804
48147
17963
46012
4070
2985
24701
30783
32380
29771
15966
48731
13755
44149
6955
9721
25006
19092
12095
41028
40694
44145
36700
42633
47994
36550
10095
18935
7506
28495
23062
45058
34011
27384
48760
25910
34587
20607
28916
10415
4639
27772
169
30364
22010
42690
35720
48674
12912
6388
37444
5952
1146
6164
9935
24413
32282
35096
33736
32344
4204
21799
38994
28935
39423
14924
26554
18730
14724
38575
10119
7238
1008
19811
27918
49231
43724
42206
24663
30725
43967
13350
43788
35928
24974
41711
27390
6047
26062
18373
31663
49420
11327
19385
46694
7941
23547
17048
42911
39857
10112
6425
43357
36290
7153
29044
2057
4105
35556
47824
30737
37482
12117
48881
15916
14312
8601
23347
6657
6329
35312
3733
19752
49189
15486
37705
28672
37548
3430
23821
6252
33620
20036
27198
7181
13867
31386
36374
26469
456
27565
7470
24155
33193
26640
47470
41200
15308
43532
22912
38220
37241
36368
19604
35673
23252
8672
12489
34584
18923
22504
34338
46498
5315
16847
44926
28770
29091
47606
12964
28433
33291
13797
46340
27698
49649
36868
22103
29065
37669
2614
9002
7912
6876
31778
446
4774
31651
9307
37849
4980
44652
40096
35780
39024
17275
36517
9098
7118
49451
21443
3429
48703
11287
25980
29366
7994
35651
18850
35893
30211
31629
49822
4343
