20338
34018
20294
42494
26415
22389
39254
27383
45170
10746
46845
5201
39485
31862
39796
33152
36661
15433
2197
48245
3467
40168
28371
23719
36052
8730
18610
46601
46328
17251
33235
21131
6515
17105
46034
3851
43299
31183
26880
37517
5677
33540
19015
32721
23856
39520
26236
28811
39790
32237
14635
853
8454
23564
47744
10291
29979
29813
32930
33821
25990
40086
46348
17941
8595
3606
17628
13869
31573
6548
49287
42595
43742
44910
7150
6847
31917
44478
7550
12578
27134
38274
10767
28572
5574
11952
49712
32196
8619
29118
10956
23399
8762
48057
40929
19691
35023
39084
48501
24947
33505
31190
9424
40196
26722
27042
44683
41717
47733
7542
23497
19007
2621
26373
7329
21235
35118
33004
23962
716
44903
43805
31057
42038
1173
4534
8956
17141
8651
34338
35418
27885
9199
38906
23899
16680
27908
44601
18237
36357
40129
15460
24791
1198
16498
1971
32059
26193
17274
48297
15048
33158
12048
3878
18915
34728
39705
18075
22085
19741
25013
40575
15656
8743
26146
20345
11060
17253
18246
12029
8349
5096
38482
45556
34514
15731
34677
13435
44198
48536
36956
42804
30885
21738
41806
17106
47182
18810
43568
40052
339
49382
23632
1295
498
12022
11614
45858
8335
22693
9471
13196
31515
6607
31387
17985
21380
29237
16278
13093
34978
39
13621
12668
4768
28330
2571
32869
44585
41663
12047
36232
47918
29333
16856
24327
27929
48357
11034
30072
16539
34082
44621
11679
35108
39388
7109
19512
12124
45750
15189
43534
42669
0
38303
10034
47325
4593
11685
34280
28387
13665
26095
20895
15621
39807
9136
31822
21110
36967
24259
34962
40582
26230
13059
34403
1054
35908
3781
29573
31253
22031
41747
49548
38617
49636
37345
6655
7481
17271
29560
35425
35837
28160
42298
32761
22533
38106
758
36208
16189
172
49356
9165
41585
35348
45031
1120
20857
11117
1774
3670
7501
15245
45677
38519
41771
2164
7263
19371
9883
3682
16337
45349
742
48456
18566
29752
24712
24726
23996
15653
6487
2232
47803
15623
5145
43691
37529
4587
40775
6716
41671
20641
8483
22956
40734
26765
8083
17678
46479
19432
25334
37732
4264
37362
26402
35849
7851
45169
16712
42127
2106
39885
1414
39200
8039
28890
825
33233
12610
31071
22841
11875
8906
4463
22288
1162
41950
7152
19231
4530
22656
10677
30844
46873
32598
11047
49467
44027
29184
29404
15469
47162
8662
9276
3953
1125
5210
48084
23021
1149
43935
27017
40804
19594
12547
28010
35827
11937
