30708
45699
21481
19154
20158
31316
49526
47109
27088
21028
13505
9623
30815
34612
32371
970
42934
21454
27802
4785
21812
5456
34470
18357
11210
7262
29926
34134
21752
21047
10366
33933
28152
28256
21445
24065
36965
19529
28293
33789
20939
42332
3172
2752
6115
28088
6458
34842
43646
49049
41147
33236
2934
19754
28698
35660
9334
47053
45268
2596
44734
14258
13577
3981
28919
44824
33003
31201
1894
9347
21164
12543
31021
3218
10515
2014
20634
6884
4823
22246
7001
37708
6996
4426
16187
17845
16473
31971
12627
13212
39886
47064
3163
13749
43547
24436
2306
836
31291
33083
25266
30835
16970
27965
43900
30272
15360
30046
18926
12488
36154
26657
1242
4160
28421
31264
28242
48386
34509
12729
27087
17389
31000
49826
23715
27380
22712
18739
49320
24662
16926
9862
18753
21298
19285
43925
43551
32132
10093
8567
44212
7981
48549
9479
23649
28787
24866
49012
4560
5816
30120
13990
1579
4231
42490
41610
40722
9501
5678
24909
34397
1402
881
10641
44562
2353
11284
6284
17716
49200
21493
31817
44277
15456
15013
14477
33644
1502
49961
49166
41658
25212
9757
15827
48151
33200
46345
35203
9431
45764
9368
36125
26412
30322
11243
43710
6656
5970
5830
25009
39153
45857
34734
42306
40705
42995
42125
21408
19283
32807
16335
45038
18351
46958
32867
26079
5478
36278
19877
40113
1323
45266
31805
14534
12676
41881
22323
14820
42201
258
24076
32009
10735
19518
5057
34211
29067
47578
1572
13294
12657
48701
24626
27059
20053
26819
7975
26260
27018
40080
10615
2416
40204
46654
46905
27154
43516
18482
36571
11177
2563
2162
27288
25900
16914
25250
9570
32250
38782
47481
48942
41559
19049
40755
43898
41138
14342
40087
45388
5706
4162
40697
31830
49124
17819
2087
41961
46535
47134
29
26465
49655
5999
40119
39013
19109
39428
6370
16079
37038
9705
15569
15398
24039
10595
1319
2241
22003
12180
29401
41495
43218
31997
38161
797
3769
49387
45844
18564
9412
3849
29586
23661
4089
34277
10195
7758
48021
29105
20630
28140
26159
41683
