44738
30866
12797
384
49050
2756
45466
47387
20828
28876
47484
11827
22010
43047
21021
3868
380
2833
32545
1985
5711
11725
39502
20256
11386
44228
47817
32252
22066
17411
6218
49676
9869
9536
17409
9155
20993
23765
48160
46342
11412
41832
4532
15763
35658
11633
46691
26972
37352
5049
19750
32857
19528
38779
15036
6958
23193
7449
48902
33461
34008
14383
34928
46134
20925
20632
22276
20063
19129
285
22978
45233
42936
21459
21003
11419
27884
4215
8073
47926
15235
15473
24859
48172
11381
48300
45654
829
22793
25552
38478
40900
27886
6233
43739
19702
15691
7072
25425
728
18471
39190
17769
18130
46796
27130
25362
15631
7645
45245
21977
41116
17721
16311
33183
39321
6698
47950
47367
12770
12728
23599
25223
32528
15774
3024
375
25562
25285
19000
38565
28189
23737
1538
2828
26019
46717
23503
14207
45397
582
22501
47589
35960
36865
14084
4464
3220
46299
14407
42135
45843
1308
37129
6012
7824
5897
14148
36169
48907
30737
44306
38220
32665
40596
44988
21328
32385
15186
29875
45447
45883
40856
48622
7144
25513
28947
39249
45238
33181
24276
1549
20870
13549
37230
3273
2790
569
36329
27167
2389
9234
41612
27724
1370
31202
18485
12414
9729
33710
34579
41046
28614
33487
39876
21113
15332
18971
12396
26674
34778
33118
39223
25133
35293
31420
24404
13193
22811
7015
48945
40161
46930
21427
33354
38163
29728
18775
7988
28710
24470
29129
33079
22391
49317
2183
32363
47311
31288
10578
18299
30989
45810
39690
29502
35153
12413
35562
15468
46767
25374
30408
46933
41943
36650
28271
25879
48179
33679
10542
33728
35916
34297
33257
2926
8733
22209
24781
38812
31297
37287
32324
23107
713
24251
33725
835
37563
42353
34605
851
37988
18693
28382
7716
29741
26965
20407
47868
13625
2299
39417
9271
35550
5013
33666
7454
34934
32119
19497
37783
36974
35227
31278
49163
48487
29814
15028
24988
38015
7722
7581
22659
19457
36458
24435
10041
34782
36628
40859
42864
34565
13958
17260
7177
37252
33250
10829
10801
8795
38225
4097
23133
27673
31102
27241
49909
34708
45757
42024
30156
20018
48100
40949
26152
42842
36240
43750
43305
43463
47083
8092
45500
15751
15826
18478
22792
4094
35440
16262
32633
15234
12705
41543
21262
43922
10559
35586
40033
27887
8476
17319
40810
29462
48293
32482
7041
12812
47063
18197
3110
10077
43478
23018
35843
25336
30849
32708
30397
16830
26234
1842
22863
42278
42756
43559
36636
