20924
14958
2615
34092
640
25656
41456
41683
27880
5556
22684
49425
49609
11067
2223
8015
21083
18687
22383
20801
46605
25687
23089
20359
23430
4166
44181
27586
10383
32855
49059
26513
7643
27072
28878
33939
17812
6228
8820
29721
42232
35599
9597
5641
23083
42720
35484
45871
21740
29954
24691
164
21579
16537
1691
19301
16054
5257
16641
2036
9472
34804
13331
24473
47421
13673
41586
26602
41487
43374
17637
23783
12864
43240
34201
32993
36446
48150
40774
40877
11971
39449
19185
19601
21200
42056
36972
48855
6569
49350
26401
32556
21184
30557
32488
12384
47590
27355
34761
36324
23199
15426
22914
45909
33466
42981
23718
6741
37590
43620
31527
17421
33653
10631
16990
19535
31177
28993
8898
12084
48408
24530
21351
32746
25818
33951
30477
32797
24891
32759
8612
35417
47062
38502
7540
43529
26442
22975
3002
34610
44884
46352
7610
38156
45940
46321
444
5976
30180
5677
45141
24182
39515
19978
39858
20885
45879
4187
14340
36621
42048
42698
46707
27525
22409
24375
5810
41178
25654
21800
27003
21765
41955
38951
12224
38525
5119
23306
2279
11938
19558
45239
24333
20916
26202
21042
49966
47324
8128
396
30955
21956
3517
35535
25900
10838
40136
42314
30055
40372
7528
5539
3221
32139
49051
40641
17626
7914
5446
41296
39403
43714
42932
20437
46879
17394
45636
2388
41538
18347
29289
13429
4419
15144
31665
16129
13944
33541
34468
17563
22965
43492
9345
36871
24611
471
23675
36443
15932
49843
5283
38573
43519
48373
13455
5710
30113
17121
46953
6129
6193
41380
29125
13518
21245
41734
10896
39091
47569
9463
11820
49354
2963
12870
8916
41413
