49725
37453
29657
18913
27544
43290
28921
23934
25724
30764
42061
7395
29235
22272
1184
47823
527
6287
12300
3151
36617
11830
49664
11843
44328
24929
47346
11357
44779
13136
41260
20576
15972
3410
15164
29754
30020
45505
1937
5883
10116
23687
29889
22671
44653
3645
12739
47959
40216
18412
27513
2370
19493
5499
24497
38188
31055
26927
5992
14818
19140
14588
38415
17752
11537
40353
26911
6718
35634
33702
39527
31299
29440
19115
34940
211
43947
22383
32922
4612
42169
17451
11014
20637
22535
46647
1289
45759
35403
29339
48787
20082
4137
27175
49799
2220
13525
44409
17711
15899
45063
24029
15311
33174
6627
6280
48875
15865
42362
5749
24956
33119
48910
37059
49747
42099
6217
41922
41021
30577
30022
44420
3175
18763
36795
20725
34845
19220
38111
28933
41124
43692
43007
8486
13782
44339
7062
44482
16512
30160
41526
25644
577
12552
29854
42259
2029
43985
47752
48724
13968
41302
45865
39582
21560
27126
39247
23845
18841
31767
13273
31220
20538
17865
44860
44589
29345
11022
13168
7474
22704
44256
12530
5304
48551
24828
3157
42198
40378
38710
42408
42399
42721
29194
28581
5153
9910
46411
1808
28420
29951
8031
28365
48321
20727
26362
43662
20614
26787
38689
15578
18824
43020
18662
30498
24389
23508
28486
36470
23100
28447
22089
41110
47195
41428
7822
20694
44727
46652
24073
41094
24863
12141
13432
41624
6301
28437
6796
20029
19502
28955
5393
38755
17059
11330
12851
5690
46600
22255
32926
12368
923
11020
24596
25342
385
30647
19507
38999
48749
16533
44778
40959
1657
17609
7335
47135
46372
17309
48662
18622
16780
38351
5073
25543
16487
25801
13499
3973
17748
26528
7279
20449
35617
6422
26430
31186
30029
43080
10281
38050
2363
40834
47298
33669
15264
29395
1305
1119
40817
11795
46586
27567
42349
29647
19008
21240
31924
18312
21397
11189
22960
14504
10682
38075
21313
12170
10391
155
33574
32093
35991
47429
18391
24119
10460
15378
38464
2873
23556
41508
26626
13631
26298
48411
49067
8841
34283
47208
29935
38963
44536
35201
45057
1016
12859
10005
30822
7690
16490
3468
23148
9451
23573
28007
36499
6520
5967
38114
29884
36019
6639
28098
44170
15853
41623
19054
15131
39086
4429
44793
39176
4471
6511
40483
2330
37455
1708
40585
7380
23516
48561
19963
26163
38845
1273
37045
41462
42346
25774
38512
30653
32397
36905
4919
21646
3452
49004
15590
29263
37224
37374
11300
27056
34651
49869
6159
43753
2943
11488
18826
1949
27340
30527
