44386
1155
12088
32353
32485
44492
30740
23800
37624
23792
32782
23968
18728
37488
7724
10036
26982
29871
40089
39127
49074
47408
38732
7915
34269
9848
46271
5211
39422
46562
42104
17828
47539
13877
22742
34251
10455
26302
18350
39039
41997
21936
4083
10236
41227
11140
36921
2395
1360
30673
14467
13808
34828
35103
45583
47641
5137
45859
10910
19116
17523
10999
55
33731
872
43405
7413
10995
34075
27542
41410
21889
13860
14167
28999
19413
11874
13712
21315
5340
43600
43222
45412
7367
11863
15422
28790
15757
8297
2026
6865
45611
32315
43879
14488
4762
40421
29384
5244
48041
1451
7077
27027
19114
31417
8340
43699
7679
37211
14113
36469
20440
9324
12015
16211
29583
1215
31292
14177
41822
31714
31345
14846
3174
22105
43011
49288
47626
25784
20252
26845
38632
26446
7426
26350
15025
2570
41784
39698
26918
49157
7554
2249
45636
12767
3461
46272
40088
18278
48608
11714
8900
17049
3238
18438
37323
46173
46625
9633
37795
46452
31960
14947
45670
32905
45579
17314
28042
39884
4669
921
13738
7052
30045
39634
38368
38101
37215
27669
21569
26885
46284
34194
21453
11929
461
277
4222
49832
21546
38278
12032
29371
19002
16871
8788
5132
38460
20889
41695
40294
12906
15044
13756
33509
38716
34646
36234
5822
4747
763
26441
6297
49558
30186
30033
32090
48433
9609
24331
23476
21111
24090
3382
20744
37097
28842
22314
8181
46648
17056
1038
643
11348
33828
27905
5293
4845
19985
5801
22297
7236
38441
8109
15247
20863
308
42338
35775
20448
10836
14877
44960
36569
26707
46242
28144
11194
24934
20657
17323
21810
36292
515
27541
26691
1166
13270
44579
44114
46459
2818
6854
32673
22287
40501
24399
44882
3071
36100
47139
32787
16509
6798
7265
38481
34502
44976
21023
44812
38649
3815
10934
25030
20929
29066
7112
44111
39503
27568
49848
32731
45562
45902
49119
34969
6682
42093
41637
30407
3222
35267
46575
36358
17315
20224
44506
18275
26910
16007
40040
41256
7873
30693
35247
34895
26804
13290
38146
45369
8306
34740
18023
30094
23231
11359
49366
34139
394
3391
16080
49564
12445
9860
1602
20185
45581
39376
17288
46125
28610
12111
18809
21036
8479
9473
29309
35220
21054
15444
23345
11172
20071
43127
4589
32788
46619
36815
16558
40954
37486
133
6045
27681
34049
47114
46633
34054
9580
32587
9624
454
47371
37167
13001
13170
29625
32597
11449
4829
35025
41827
14964
10215
45409
18242
29590
33145
13281
40354
28389
31402
48779
1654
2808
41845
870
22654
41330
14690
33663
46268
39577
