37436
40107
17256
20261
11829
3502
41045
6053
49305
48616
40326
49278
30110
10462
43765
11864
47119
2801
41157
12750
160
17815
32839
22017
49964
41728
47174
44057
34112
30801
32177
7358
2675
10498
6582
11807
12497
4246
1682
34943
7377
5351
44090
2097
10106
37170
2071
19096
38005
13099
7677
28994
31701
43217
11400
40604
16939
4428
24272
31794
42337
26000
11930
42762
12991
42236
40851
4535
8552
27576
31310
47881
20007
42750
1127
13709
31615
17844
35384
41756
39397
35068
19776
27145
41080
13028
9423
39599
19367
34573
5636
19207
37721
45829
32461
10169
16017
31807
25003
36071
41286
39123
29385
43996
38242
9351
2366
8938
6576
25871
47474
26595
33690
30996
4145
5481
15246
12463
21990
4041
41577
46944
12377
13234
20616
29850
1009
42673
33332
24015
48216
43205
7319
14884
28474
44581
839
6935
33113
27937
34539
24699
34501
29682
23846
9294
5461
27237
30086
25263
46666
45492
42193
32873
27232
37159
22639
5491
7817
44907
12938
19208
27438
11468
27902
18621
36964
26780
23023
38283
23012
17658
25714
29589
21190
29338
31650
44075
27424
46229
19434
30970
8465
1309
22115
6330
29285
13791
2361
32901
28855
12244
5978
11076
23836
19860
29204
23790
45578
24574
23307
13197
5748
29468
10612
47742
30258
4416
10268
11764
6276
23847
18323
45202
6068
2114
15220
41651
26951
43195
18044
3287
17696
2326
7199
22673
23000
17176
30637
31397
9093
14562
12965
