39152
6971
17061
42500
11401
17110
46452
9581
44909
18169
35040
44158
47681
12685
44161
13219
37108
37571
49628
39299
31675
28849
27969
16998
30304
41922
49778
35483
40808
43648
17630
13032
25783
16010
9781
6434
1640
13102
16542
38895
5224
3130
12876
509
12194
2085
26089
33756
40020
10367
39289
43314
5328
41640
29998
10227
32742
2639
46303
41743
12291
47521
33328
25973
17178
27051
25066
2345
44768
39434
43717
25417
5294
18776
44810
38645
38760
47496
40583
9411
25017
13664
30309
31359
23185
49400
30172
33465
41863
48192
22167
17282
22241
23151
35834
19964
39178
30831
9112
5376
37243
8575
14853
35832
21396
14700
8231
39234
36479
47008
22601
6488
26218
22619
8586
35953
41785
11553
6351
24941
8952
9627
47303
11702
10244
1137
37508
14488
19550
21294
42135
13593
37064
6003
47207
19428
22361
8158
2654
6156
9433
30136
15684
30264
32655
22702
1807
28563
13925
38297
32331
33998
41018
40298
29539
32878
20773
40207
14248
49197
11881
18956
651
49445
17087
22489
17684
7974
20049
8747
4182
26260
5866
8906
32511
5325
27062
34102
21088
12259
11288
23577
16065
37285
33288
8582
17314
6953
24086
22551
14323
8629
11064
44949
8497
22834
12943
28089
10883
17012
24738
36988
12527
49887
46795
28010
88
43520
565
29673
24755
9903
32598
43202
18311
25444
37969
31382
24592
11112
8653
22587
22387
43734
25191
11251
16849
33688
17782
47493
45645
41042
40564
38983
18509
28740
24044
16428
3372
42307
47079
1314
7383
19693
49926
31285
12832
46912
38479
37953
43244
35712
38061
7659
22620
30397
33454
34954
37377
6694
43474
49042
1775
5390
29878
13536
39011
15309
14935
16924
5674
49383
4757
32015
14256
40339
42830
8594
10298
39181
18809
30566
31469
5941
14279
5637
29385
13921
37464
13572
45236
8798
32684
23735
21856
28723
2314
21912
46074
41341
40305
486
23993
15331
2255
38419
28565
22934
21601
9119
15801
22411
27506
15528
43783
11447
31852
37794
634
18390
13234
23691
6469
38111
3303
45213
41203
20436
46099
25170
8130
32310
46413
12102
31466
30744
43298
16956
13748
1389
21165
49083
10881
30213
3158
19420
42662
36088
17247
35683
18081
23543
30349
14026
48103
