35363
1052
30360
49447
32023
14941
17872
1647
33
42232
37085
2776
14393
22558
26336
47550
36405
13741
33293
42414
4699
16956
45873
25614
29892
38971
1996
7105
18880
26267
41142
37250
34264
26822
30928
7926
5724
7875
8830
37185
39911
11750
8975
38894
5593
8120
9377
11406
5136
13048
32113
26521
25037
9145
33947
35685
43881
3809
32980
10900
6469
33387
32935
15996
36793
76
25737
42652
32448
38492
7104
29416
27766
42618
39610
47434
47621
44270
26685
8501
9349
22954
35266
29375
9466
13800
19824
49757
17205
8820
32156
30158
42350
44247
18876
9405
19926
46168
18652
5177
43051
37156
6586
44674
46975
21606
12149
3416
6641
11127
41220
35124
26577
23652
8949
42753
16847
22342
15350
29041
27261
45263
21223
33650
40721
18660
36275
3630
23417
7876
41408
9912
15144
33836
48830
9470
28105
11508
11655
9169
36944
2010
39172
15739
33524
49741
35155
10406
8199
17421
33773
13849
48494
38157
32126
229
19773
9527
47377
32318
37929
10769
40030
3186
47963
14833
15275
40825
11888
47537
32409
42979
12084
40314
43688
49445
26150
31934
7900
13591
24978
28156
1913
12526
46371
42057
45280
25268
33328
18407
27324
2450
36404
38468
36338
29011
1803
37967
27144
20307
46546
44767
42610
9520
36016
18786
31281
22665
32491
34604
17667
21307
43948
19033
40429
6688
5792
6880
45985
44747
22083
44803
4595
48696
5981
7781
8902
26882
8764
12793
9858
12847
40138
8167
25471
44298
20411
1329
20774
34125
24750
26034
16161
42491
37800
33998
17574
11894
14999
27654
21060
5997
18691
956
48996
15598
30583
8077
12462
13697
6733
3567
17905
27484
41871
14862
41363
17235
23224
3207
33356
25460
11835
43046
37508
10762
1972
33965
42376
37119
27069
9696
38872
7321
9278
15803
44135
19685
33778
3366
23028
21136
36574
25825
12202
28012
43913
26314
20458
47891
22282
20510
65
11028
12080
3743
31380
49315
40885
48527
47152
25810
37208
39792
26571
33039
7625
27343
13346
13300
17151
22107
26919
15278
1005
22991
34058
43909
2859
31487
17909
33676
32219
11699
8484
49029
29833
20056
16018
14179
3040
43994
39446
4112
13925
1895
29405
49543
9670
46347
4299
27152
46649
3934
4548
2101
37507
25843
9830
19067
16336
31598
45741
3614
7846
26280
40376
14205
23593
3638
36697
39191
19892
49779
27723
36235
29241
44929
18388
38079
41817
42773
19633
38708
41378
45026
49014
35785
45093
5479
18932
49503
16502
18979
12541
21319
21518
19613
2967
40245
19542
1431
13177
21705
9403
25551
39128
24998
28114
37650
13561
23918
15543
15734
24771
31776
444
1953
47566
17614
26216
38229
27309
40595
9759
39271
22096
10965
30409
11259
22532
4594
34089
28944
36615
46902
41112
8387
18687
23989
15897
18279
10662
14154
10848
17123
7171
28457
32072
12802
8976
20100
31396
31272
22217
30456
27442
9202
25691
13161
39546
4678
11084
46867
28619
28953
37745
28038
7791
7818
16387
38115
37998
975
10569
39179
33903
30585
25653
25407
19092
29938
46340
17305
9257
146
