6777
24612
40041
39369
43606
19006
29860
11031
26888
16764
18483
33604
48919
29458
32206
4360
23773
19484
46423
10316
5628
30942
17242
33326
22482
33885
17567
28633
8995
20927
25229
47376
10609
17463
46739
25274
44006
6746
2380
2418
9468
5694
516
48043
48753
14183
12958
39083
14739
28681
22650
40458
15718
10150
32443
15655
2346
28199
28313
16810
49825
23377
8520
8379
3643
16900
7226
32220
123
48652
40918
21633
29653
7102
21704
2504
23688
3789
49701
8438
46003
4874
34591
3967
34964
1909
34032
12295
41565
22761
33697
49087
15950
40887
31409
12560
2058
7234
8363
33122
28518
21563
18257
42425
4580
37403
12153
29001
13493
44551
2238
36127
27321
5667
15850
25225
19134
23967
9685
18520
32360
27853
13545
40757
12014
19019
23656
22279
24889
44711
24376
25754
28981
38853
28499
4437
8860
21783
3611
44720
46169
17939
25477
4916
45185
41643
25313
40681
13899
45731
31318
32720
16496
17061
11481
15561
39574
23117
21382
37342
38093
37660
2140
34442
9362
12329
30489
27091
36411
26633
30516
2987
18147
46697
12468
40426
21473
19630
4702
32168
8472
45586
49370
17218
24931
13486
2635
49406
7154
2414
7022
22092
7437
30457
22543
4042
5864
38019
21323
701
42060
36573
45993
8918
9417
28653
10045
34945
42548
11554
38445
38139
39163
49643
20852
747
40773
40600
4372
34006
21157
29601
14338
27626
21232
6814
41586
7684
40790
34526
38245
20979
40665
14514
45117
12700
31097
25117
2885
21566
36796
20406
11453
31116
41320
26228
22972
39971
5207
26663
42560
48904
12602
27386
2213
40700
17107
17158
30638
23314
20928
40344
6365
16043
27881
14362
27429
40875
26903
37466
30257
21743
45147
36105
12665
41791
37265
9905
37524
47591
5151
40493
42768
46490
26269
22486
17843
17982
47364
7281
9941
1706
4844
7584
30185
4639
44484
31935
18608
44954
47845
9435
47595
2969
21886
34939
28900
21004
41879
32653
35681
39061
783
44295
9775
6490
32559
25522
23156
12011
325
7802
47734
28822
38601
35231
136
41873
46653
19410
30441
15012
8714
21834
33019
47074
47601
27772
31885
13610
21477
46887
41927
22495
17052
22944
36512
15019
30631
24921
46016
48202
46913
8293
15214
11989
9017
25384
7682
48135
2077
30995
38949
22074
21457
47319
14585
2373
11737
37264
31407
44204
49414
43389
4466
16996
18368
8508
6468
35144
14565
48809
24979
46032
21521
12326
44698
7571
16541
9626
35414
2477
3373
10667
26162
16650
35419
22480
38358
844
41568
38781
16208
33044
49400
36799
2941
24520
