9308
29863
12558
357
44178
29901
28995
1116
29292
43888
41863
17149
40494
21850
18442
24203
33244
4692
30238
38323
17077
2772
6691
45884
230
30346
38360
38795
37069
42047
22218
34891
38511
7942
47291
22637
5139
46716
43291
2117
24345
42299
44417
5553
4459
45150
29559
3954
33427
5459
34807
7453
7595
40287
25193
9679
1494
25333
13607
6102
1887
45871
10792
42251
42621
18189
25299
37905
38619
48532
28904
37735
17973
28236
3082
19793
24996
23142
18308
44818
13005
6812
4805
21387
8243
46925
34737
21740
14738
43824
25210
28350
6030
25278
32833
38540
22858
16678
37363
29174
22928
39933
32043
16388
37030
49807
46976
6657
38923
15738
33940
15192
18859
36187
30558
41182
10653
5639
14330
23403
8102
10009
42247
29739
14165
37599
1357
8518
3208
3308
18462
12286
41221
23406
3956
16942
36166
45282
36749
35207
33048
38761
32785
4043
3444
12085
20285
38288
33339
8089
2963
41655
28045
31706
46420
40747
33136
33057
28078
40097
3618
29862
43255
31312
12684
27631
38945
17462
48531
46895
46817
27016
22388
23809
31315
13187
43754
12697
35689
41564
1187
7805
4756
39098
24000
2509
6994
35567
7270
31740
1730
19752
37106
36894
46656
7869
6010
30891
27077
15298
922
11706
10145
35710
2390
5910
17601
44360
27355
26842
22170
20894
43826
35596
25436
21604
7494
11627
25563
30529
41764
22724
236
16397
39311
9457
23837
33603
36444
21649
328
32099
6811
9062
1480
3671
41567
7559
4469
41076
36101
44984
49003
27840
15130
22926
31443
36449
10747
26468
14035
31519
23589
32398
37427
26933
36294
31411
31172
20786
10493
20160
7246
2067
46360
47094
31566
7519
35834
217
23227
29430
6332
38030
15785
32791
4849
5515
1109
6005
11360
2392
14972
27751
34469
34750
46187
7315
41331
5421
1440
38315
5853
10705
41839
27260
47686
47468
20700
21937
42258
17370
25077
46067
9796
31755
38023
29729
