24694
20209
23133
11486
33005
8249
41324
27873
43865
31834
42950
22166
16345
21183
43112
20743
39456
877
10370
2337
17165
21185
24922
36209
28098
6019
25544
31242
45568
11735
17155
26146
32990
2410
47175
17495
8782
18154
45401
34452
24100
35572
40625
39991
14889
4438
9125
7425
45896
20024
41198
15253
31935
16730
17700
2524
27479
46668
38907
13118
17695
24847
42125
6575
6989
29617
17124
4937
16117
25268
34052
40605
18208
29884
32737
46231
430
23024
18297
3621
37268
39547
48297
25146
1675
25192
12806
5700
42192
735
12819
18371
14533
19985
19942
45954
36927
21181
35452
28278
24163
40594
26043
38541
46140
23327
13987
33654
17615
18607
14132
25599
526
44716
46033
6490
27847
42062
33641
31668
13928
30335
12458
45785
6102
2187
34436
23273
10990
38610
31175
37983
18386
15949
18308
36849
27486
3484
9791
8774
8196
23059
3437
44928
19598
2224
4647
1202
11740
3490
49222
27455
18919
47724
42163
8884
29989
11845
29957
12311
20116
14432
25861
11448
8643
47598
31256
1179
35129
38664
27621
30818
20056
3279
23690
286
27321
28826
22301
49020
48619
23897
40701
1723
16811
25674
35353
38373
20763
850
13111
41626
10144
26947
44150
13737
38072
39998
12684
8071
14280
1109
28513
33177
14730
7103
35937
44951
29573
44219
21097
47676
27886
18121
16193
24021
9567
32818
23517
1512
30729
41837
40286
48563
46938
47671
29864
35053
22454
47812
12227
9068
24564
20620
43505
46149
12536
19804
8609
16155
33162
14756
31664
23429
23260
29736
11326
607
28002
11828
31561
21345
754
22537
14854
49788
41095
489
42255
15705
24083
29278
18221
19962
20415
40923
47775
11890
33809
23538
29272
12310
21095
49273
21574
13970
24508
13066
49761
25169
14775
45938
28385
46055
20644
16141
38562
20798
34742
22344
13556
8863
20083
29913
37427
35477
26908
21984
27215
10096
15894
1536
32477
27902
23416
14743
4780
32716
12385
31019
47146
14095
15539
3067
46143
5139
24671
16286
42707
24187
1350
49472
38323
27453
25194
49260
28741
48414
35241
11040
10698
10201
6277
49705
34748
20709
26400
14474
38347
12158
39584
8645
16633
6319
1401
13804
27977
26912
47094
9216
37927
41257
18047
18827
39419
8026
4258
28489
35882
11087
3889
1456
24330
28446
28427
36093
41453
8259
34453
26216
28016
5225
46771
34341
19197
37934
4822
6130
49470
38459
43762
5707
3459
2548
14613
48208
22494
12942
13438
40198
15530
44980
42489
43387
9619
22609
25366
20888
9245
23316
16895
5346
13509
13124
23365
39541
5871
15117
16630
36407
39119
12159
43793
15043
38177
35145
22131
43028
9254
20150
11750
40710
31058
44117
17931
38842
38226
47358
12513
37645
4747
37467
23950
17004
46307
47802
19539
41862
2761
40731
49800
40820
47893
49959
36285
36805
14751
30202
42016
40453
25619
24536
48822
14246
41274
1275
43440
7808
10998
8973
2055
27749
33925
26321
26545
4192
34389
23844
34502
48197
10909
25205
17474
38650
42415
27349
39102
47670
8673
2936
37445
17240
39347
12910
8743
43574
43713
33992
47704
3351
45607
19308
35000
39976
7976
13728
20919
1651
20396
32591
16170
36952
26853
6094
34829
29453
29557
1036
47906
48615
30020
24480
43155
6177
33492
34596
854
25925
11144
8602
42639
37671
13558
26381
15326
29761
33691
35514
15748
16741
13648
41673
46721
