32582
42630
12711
42685
28478
48289
4035
26313
32147
4677
22364
39240
32997
46086
41595
23496
9840
17894
48789
41566
3252
29564
6154
8222
28791
15491
28693
22401
47697
215
37961
32125
33712
4697
33705
29157
24017
26529
9776
40934
29630
9207
16598
9419
18029
16461
12618
3493
2577
27462
42120
27762
2858
3795
34970
5031
4124
1695
32138
36300
9861
38062
13964
44505
24910
9651
10199
16838
1019
46439
33589
4332
7051
3994
19590
39274
33325
32977
25934
33072
4754
46858
14758
15607
36135
19021
8233
6061
30434
28405
7541
7704
45368
34410
25215
23200
25160
18467
6434
13195
21479
36363
27832
30369
40928
45109
35063
10371
27861
34700
9021
11914
19330
12217
466
16559
26475
4113
14502
31763
45078
12756
13171
37321
45605
46810
32389
29306
18260
41992
48175
30394
11686
32868
36131
38198
26091
24899
12376
41443
6768
9045
20184
44774
33143
16105
2013
32835
43731
19165
40968
41215
23681
16834
37577
36058
15920
16995
16210
27262
9269
39059
15155
14334
341
30150
27449
39316
30729
660
2404
40958
42964
15659
17665
13183
30617
28655
48071
16513
28970
23198
14744
16449
39859
712
48417
1422
45957
31736
40198
1658
12365
278
16200
7940
4407
38687
81
10539
1991
11598
14561
49093
6294
20547
36374
38597
43640
6638
40660
39601
42782
45659
34815
12546
23630
18597
21571
1136
38924
37642
11533
16686
47069
38126
6587
43017
12525
29505
41471
10709
6478
45891
12315
20987
45106
29887
41328
26701
22807
20004
11199
44067
1689
27002
49434
18944
22679
41426
31539
4033
48225
1408
1679
43226
29848
35656
38559
11409
40966
39468
42121
36136
28926
49402
18207
28095
8353
34779
7408
18834
16218
45678
1969
19598
47250
44319
17119
34844
15699
39308
31546
16750
25606
28949
9739
47458
38302
20823
41249
1680
27917
38543
7090
49325
18120
20403
22165
39095
41628
30380
15654
23793
20716
16231
4340
9084
37189
3811
35300
13128
47704
16854
22739
41415
34888
46205
5890
40420
41548
15634
21806
43652
25762
14175
28037
28417
11777
43833
25365
43968
14410
778
15185
17805
13955
43262
15689
20150
10851
22646
8156
44302
27973
7524
34350
47723
46799
3836
37016
28815
10340
40541
11081
40652
18425
33923
19975
15348
26249
38637
29443
37957
15005
23510
824
39155
34197
47647
24137
30481
26546
16034
49277
44620
27967
44728
6107
30251
33629
34386
35913
25480
21832
19396
40654
27147
30506
32953
30082
2284
16611
27709
48079
36503
16886
14900
18629
21665
5500
19256
38536
39836
19762
34248
19803
595
719
12757
15661
31685
7032
3456
38149
6271
45712
28950
31048
26986
7816
