40052
12330
6467
6200
12133
46739
7331
4804
12702
11106
28794
23592
41948
571
45298
23234
29615
6361
20821
15139
18654
10765
16220
16869
43924
28804
25028
7279
13638
13573
1208
26272
849
32801
12021
22660
30072
40324
15105
24809
5928
49806
9056
16933
41587
27189
20691
22170
11271
25930
48508
43972
23093
44953
42234
44822
12644
44904
37048
47999
10553
25278
25906
14749
35324
2049
30132
1300
35790
44867
47809
37711
36531
6983
3518
3390
48748
9544
41949
24987
40764
13885
7422
17446
24512
38377
37103
49995
39460
3049
25799
30358
19719
9167
40891
41641
26297
40189
30824
46377
36625
18680
36904
11941
41170
25784
37996
46086
38991
30456
48837
15440
11764
22307
12993
29997
38698
7815
40971
30832
45563
38583
24079
13127
24617
17514
34483
24667
32409
45530
13575
33811
20059
28786
4409
6904
19583
38556
13679
35495
10350
49063
272
8589
38631
10272
43654
41434
844
26035
27139
6073
20954
41252
22963
25534
12789
1586
47441
27497
47587
42318
11524
11642
28373
13327
45109
38499
29329
4207
14472
35749
48971
7598
31775
3553
14844
44038
31533
47915
21079
45130
22869
29898
3560
39131
16819
13497
4359
19357
24204
11975
26433
35419
15204
3699
49388
27619
30461
37199
42148
484
2386
39276
24176
37283
37338
46743
11196
3077
6952
4382
3427
48388
8508
24995
38883
12620
19291
4202
19200
45451
21236
16908
2070
30963
22392
33059
24650
23536
43383
28104
18304
25629
28201
35004
49186
37042
48634
25406
20685
33140
13811
24742
18129
37814
15643
5518
10395
7893
19161
35238
36135
20110
27911
39133
6577
6676
22087
451
7766
43826
46132
30776
43561
29001
26673
19533
48179
37212
342
1843
20093
40080
30064
18683
29515
39319
4385
19589
29603
2042
45641
35143
26049
33516
38495
34269
10679
20565
26738
7613
41600
5167
44228
23974
38161
21509
33862
379
48154
37891
18348
31108
7075
18787
16162
34119
43415
15555
30868
24355
40331
15587
24191
37020
27336
41849
3958
28482
46794
18481
14006
35473
33179
10170
19046
38340
36701
48451
18239
17825
8680
18463
40869
28960
3615
30160
27846
40411
15773
33936
49272
12183
5687
17748
13337
31348
19825
42494
1255
11490
97
16192
27176
35187
28695
19897
15032
12810
34544
38091
49171
33031
9318
2536
43076
23357
16918
375
24957
36295
23631
16755
45382
41139
12375
14125
37151
4416
6199
32308
13408
25834
16982
8363
20187
18904
15226
41276
14787
3926
28086
15886
30512
44180
27564
5996
19939
31408
27523
32447
32992
21368
47229
49775
3838
31700
20154
45833
47238
1349
39292
22525
