28834
8022
26667
29360
1144
27892
34609
388
46831
20564
33883
46762
39720
24671
13814
42151
17405
34841
43859
3872
7284
31154
34685
38904
19440
8922
421
22818
37278
9068
5395
49630
35770
17627
26219
44136
41779
859
5075
14669
33406
22213
45919
3604
47556
14855
45403
47401
15495
42568
43779
315
12036
5818
23854
20145
31042
37972
9600
13571
7514
9995
35470
11237
39893
23255
603
24006
33513
7996
28859
46495
1692
35209
38849
39259
41266
17779
12604
49018
15614
1539
12920
11909
13354
1413
8581
44545
44584
30953
15847
43656
48626
30720
23366
35193
11638
32263
28227
42152
25984
46121
39842
243
18673
10692
22325
28609
41809
29912
5320
37094
17642
23684
47768
22688
45441
10131
40614
31106
32297
49175
28623
32805
36846
26278
38696
13244
7469
31705
42766
26015
30705
38170
11936
42228
11536
20146
37595
34974
27344
48491
31801
30746
14845
20575
37386
14243
27213
18236
45015
35289
31948
3310
27035
29160
29794
16851
4947
37855
1957
4115
1393
44832
36175
41354
13146
29382
31346
43323
11546
2431
21345
26859
18961
13603
33280
25864
25711
12643
3477
2781
11049
29513
27062
4648
13410
14
41098
14733
1893
32078
38249
26041
14931
7285
24495
44504
5501
9787
8493
18297
7492
46288
32197
42811
16660
13377
43093
24802
22483
42980
43758
21106
33217
24457
35819
26421
42863
30343
47749
19689
28102
23161
18611
37503
10977
42784
47018
46014
15612
22776
23712
42788
2079
17377
13829
15868
24742
43586
25516
49491
40777
13763
18924
30052
38214
20655
46192
15743
26332
14798
11122
34860
36651
9254
26821
1076
33971
30666
18124
3413
4146
23524
20608
1713
1059
45613
38661
14903
44162
46022
16919
17869
14474
18991
45784
32456
44241
27870
255
15441
12098
47824
47813
35146
18633
10463
23102
11919
47272
37245
29219
9036
10815
5812
17100
17504
38256
13101
4026
23326
1919
44205
30412
45518
20493
41499
42588
32722
16254
5625
22804
23838
27065
27744
34216
38493
42677
3143
23716
19802
11646
48533
10683
24814
3406
49710
8132
11056
38402
24563
44267
4060
33611
30935
42522
28673
15145
7893
33216
36481
38905
19807
11320
37731
683
22938
22872
3725
49950
40413
18203
25247
42160
10562
32055
8273
18371
35518
24200
17357
14797
12775
22854
38841
12118
49659
15255
48562
9228
29859
24385
32877
3976
18561
24249
42977
10628
26524
11062
49493
41942
7694
49324
25332
44823
30681
12511
26961
42779
25358
26466
1721
44746
4056
19500
30184
43250
39931
4562
19243
15173
36407
13552
38915
38160
17480
13334
6132
13885
44933
29897
21292
100
38258
42446
40219
31930
29205
32003
43265
26622
15696
42507
31480
17811
49672
47535
28483
43282
47751
43113
15113
36727
35176
5907
32703
17915
4520
30646
43197
24270
27732
27418
45617
44486
11021
37421
19468
41332
28254
14133
5027
19113
18469
31981
36216
11851
31217
42708
2048
18817
27830
22614
32778
4730
47257
23480
16592
49527
45959
48382
36867
6509
2616
14927
30751
33572
19814
21437
2986
23130
42393
27022
4575
8549
34743
