39907
19423
38497
26713
37699
35172
10457
4142
31352
453
14251
34597
14270
45667
41228
22737
30810
46221
44074
38932
24237
19118
41749
9143
22429
21470
35868
32294
9882
3036
7927
23901
47574
9258
18830
13322
26540
25348
19297
12230
9601
13052
22411
1691
14840
43965
5655
26017
32024
22266
3381
12227
2122
49328
23770
30014
44173
9001
30564
17842
1358
15713
11644
49235
16635
3895
21708
16614
15182
33496
22344
18602
31424
22958
12266
7836
38164
27024
35766
40487
25639
12131
2099
34985
28965
43457
6051
7237
23248
24843
37579
11278
43812
29891
17449
37755
19645
25873
24218
45452
41437
26737
29025
13097
31812
45672
24504
6701
2113
46714
17154
25902
267
4369
45425
23086
16542
16296
62
30303
18649
41898
22446
37283
34879
27545
15434
10033
48955
41869
152
29297
22812
13374
10349
9659
19491
8118
47415
38210
42163
38166
12354
43565
30282
35555
8709
39699
34178
40526
18842
18490
49475
6231
38895
38583
2604
49827
27693
25679
28535
5568
46441
41745
19667
45975
31449
2950
29777
12918
23421
48469
44405
36453
49008
35175
33774
3572
38051
49616
20882
26035
30856
37933
6048
22530
20825
293
20402
5551
20027
23642
48329
30683
46737
34320
10695
17555
41434
49936
19867
33388
39829
17393
22023
29313
3761
23129
18233
2861
49660
26704
38298
26334
44862
10029
35748
1395
27617
28146
39367
32256
34661
14861
8131
12318
49992
7705
26438
47243
36611
38790
47237
34157
23521
48162
9498
30362
9980
42520
1982
322
32583
38392
16968
22796
37141
32322
12053
24703
24906
1635
42898
36472
38582
29192
10099
47024
6717
37778
43338
28974
43375
12000
7145
14775
42316
18519
2992
39515
26671
22012
7918
45286
49478
32049
40350
13787
12051
17933
31752
34312
49627
9060
42672
48867
27166
49629
20070
9887
21281
38452
24629
8576
2704
18558
38359
13280
19948
11572
45721
14176
15303
9630
20156
19580
35364
30473
4272
43818
14525
47411
2255
37786
49785
43772
11959
20416
19656
3845
43101
28498
37142
22452
27015
3560
22563
44329
6114
17751
24318
24167
31907
14468
30700
7459
9380
16174
22014
1141
16523
20277
2031
18774
39054
3763
34650
48348
7651
21628
39675
35564
3170
20665
36448
7005
10805
16821
48838
19127
37202
44508
46979
10337
26133
10319
19939
13613
240
3540
31901
15705
22691
29685
10059
13895
1079
23983
25120
12634
9079
45565
6961
27642
49692
42475
47800
36949
32635
17937
5266
3774
12862
36677
45438
4318
5679
41244
41739
40169
44865
41473
27671
49925
12331
20555
20469
38909
28897
35743
25976
4600
23455
29885
29210
22861
36298
43767
19190
3698
12465
24928
42933
3879
14530
24215
5692
6770
46106
29310
9700
9702
4786
2864
10323
8235
46132
