1436
38372
27429
47814
27986
4625
39744
7636
663
43643
30840
15990
15858
14215
34560
5108
40885
9724
616
23208
48438
32413
25251
23938
12946
7482
24287
43941
3703
23304
1802
48986
22529
34854
43044
8522
44573
24321
46658
25360
32035
4307
725
925
14797
2653
1682
20779
33268
24865
43982
12317
30372
46832
11025
25285
29147
10690
14884
46495
12699
4635
45715
7431
13188
13169
20661
43813
32918
1544
41147
40353
48365
43662
11451
17801
26456
7060
29138
4969
47162
44778
1818
18866
20446
20400
1892
39577
30752
21416
7467
17135
16427
29098
27948
14319
9236
46926
2066
28378
22574
5773
17325
20296
5280
34175
2803
41423
5963
47097
37303
3063
44690
4304
31652
4390
24361
41968
45074
30610
20263
46583
4298
11659
35280
31569
41953
29291
39922
14489
33801
39461
26060
40839
1235
2848
22161
18262
2251
24604
4781
4348
41804
8683
7735
37963
12941
47675
2733
38800
6240
29862
1992
29498
7741
27389
38438
17159
36744
45016
26870
48207
3085
11857
43406
30086
8481
20111
44491
15217
15071
44198
23997
47547
900
28834
19474
21221
20686
28938
25548
5730
11192
47473
41118
41482
3571
14621
1097
30247
22110
45609
13902
33613
5271
4539
26591
20851
35333
9788
5596
4436
31729
4453
23942
6180
4525
46243
9863
35845
48636
2175
5716
1657
19324
48859
18171
19434
15210
16439
40868
12020
14292
18774
11558
1800
28687
38581
7454
32014
22818
3374
12989
29012
27033
5945
34657
28574
30701
46232
10360
7590
23397
18384
28258
38332
43041
3589
22987
36399
535
38045
35430
33072
35668
11656
46039
26518
12687
28939
25023
22132
32625
49674
19033
12839
3501
48164
21305
10212
33057
24748
1308
18168
2796
37274
18569
28548
35177
7982
10234
37920
24793
38433
47577
44240
40875
39138
10950
21355
41535
20582
42262
45937
15730
46909
32423
33136
36353
31850
36306
41550
9607
26254
28538
283
903
27900
32619
34109
35856
23312
12797
25916
7720
19578
28152
2942
48059
47835
1321
48626
38891
47896
31851
8578
10737
17510
45586
15982
16621
4612
11011
49664
26619
28305
37572
13484
44569
23173
10247
2857
29849
21414
34648
1852
44262
29080
29275
27030
23331
33586
31445
8550
47438
43923
34607
27021
27767
39636
42820
8164
4913
27731
49527
44051
8110
12207
44669
14529
30763
5197
45734
19787
26368
30294
48126
45283
24707
16855
34297
30191
44885
22732
22474
49786
10699
10741
29700
45476
24253
27300
17501
9283
12115
34314
12896
43797
14890
29960
27444
10739
45470
16084
21299
11027
45541
16128
15295
34216
16019
27264
18137
18707
46851
19124
15861
7278
47084
3952
24662
42319
41709
6969
21465
14602
14517
16871
8065
26443
35779
12600
40737
35018
30460
43983
4703
37284
20846
15747
9529
40232
40829
27950
21841
33839
2199
15268
33755
21045
27398
28318
9928
8791
16721
22708
11105
25920
1719
37133
29292
1018
17263
46293
33075
46077
49133
28447
4086
3083
31263
36323
25323
12624
5392
1282
23318
28504
2577
2011
48160
22533
26114
27541
47294
40688
44440
4857
27514
25277
43342
44638
15378
43445
27242
3493
43986
7973
2819
44450
48932
16606
21379
1817
14881
45787
30341
30836
6323
26993
25328
27613
29168
43283
21610
28588
30184
27823
1900
23324
37599
10052
26739
40802
2979
39550
31302
49419
11668
672
28712
10993
5845
12288
5206
16817
10002
13857
31575
16334
36719
39958
20215
26848
32925
522
8024
6217
39266
20185
8013
2052
22037
18960
11634
14333
37409
13039
23986
26763
