25283
37076
44267
9972
7049
45333
13571
23480
41262
20561
5784
31625
3252
30529
47928
33795
16830
618
27220
6858
5867
12744
24463
28476
1398
14545
30759
38653
36097
49351
32541
16109
6138
38960
4176
20283
44063
35522
26774
43781
39966
41911
37506
16122
47517
37971
26542
4797
11063
28320
19393
2680
20793
49337
28252
10018
49679
29743
6235
31601
513
42357
24775
43963
44937
18310
1738
31511
46411
38348
43108
25752
1277
45783
46884
7999
35266
30142
20497
37550
40257
8222
49621
39940
31928
49902
13773
36816
47465
19032
30025
9137
48172
17984
1493
23325
31858
15784
28423
34270
40380
20094
2056
44073
10695
14184
38012
38861
5708
34021
36068
12337
1012
26309
42380
40102
13403
42147
44222
36379
26963
28464
12994
9573
8360
16140
11340
42521
29141
36537
43507
1247
10980
7840
25811
38457
16157
33024
18954
28112
35517
45951
42956
33664
6491
18891
44983
48156
8190
31990
14832
16545
31204
18763
12273
2305
12395
20129
44775
25526
36432
42982
25408
6542
26087
47081
24193
16853
15060
39375
25207
45040
44749
30334
45083
953
37071
44079
1645
12851
3852
40995
16438
15305
46308
25632
18405
45263
41917
11644
49235
31259
5542
25178
31544
34113
1195
49661
35175
44533
28591
13352
1098
45021
46347
26207
10156
13409
24245
18189
44124
25096
40623
6314
11956
20624
34062
23571
30185
9967
5196
46776
10674
29306
9953
30442
245
7491
4837
44247
45576
2317
18526
12691
16578
1582
30894
14758
764
7839
14275
10130
48186
28237
2756
22257
5088
12498
41605
13339
5308
39362
3220
34061
39722
20171
32879
28792
44377
28196
41513
14601
9832
27582
14036
13965
25429
26954
43307
27073
22850
41494
45388
30157
35263
19084
1783
27738
12924
47037
46607
7311
33379
45992
21971
36929
5264
25265
48076
38836
23721
17628
32621
46982
18349
13881
41736
7294
2129
23865
23192
9163
14304
36864
3869
38848
20911
9334
48673
32652
37755
27682
9382
1740
36662
22447
36610
43535
3835
40266
48381
33689
44606
18949
20641
8628
35352
23299
35555
34822
26013
48535
37214
47313
11367
30276
34209
37560
27832
20970
9740
44646
40955
24286
9674
7776
32204
42722
31595
28044
37239
11387
45405
38288
36307
43276
44965
35508
31905
6476
28506
23934
12911
17852
4346
1338
37985
22030
23968
15589
34085
11966
47629
28175
39479
25517
43730
33340
7130
40014
40134
32972
2782
20959
31605
27285
27970
3921
41088
29911
45072
17872
34612
45524
24704
20612
15061
44910
36422
42593
47314
45693
13697
8238
22125
48528
1087
19350
13095
682
31239
20845
7892
25122
4540
39264
31006
33850
19457
12677
12873
31134
34598
42134
6283
4578
17831
31818
649
8742
42005
24813
3652
10618
12166
11004
17188
38685
32129
28253
45300
31395
26753
25710
3858
3752
