23427
26101
49695
29818
2749
40110
8434
1430
16264
48263
18675
24930
4118
17698
4148
12592
47340
13943
32749
29035
48883
41347
28898
6581
49302
18911
41321
40529
13062
49937
35472
15883
11800
16613
22186
10614
16573
24950
7314
40997
33761
49506
30040
31885
20347
10981
11856
27103
47965
12686
24831
12454
18326
44283
20064
9025
447
20674
23983
33671
32160
45007
33574
49658
5954
12448
47530
41100
23776
16595
3472
2188
5473
26697
37111
30359
5229
27780
47731
10440
26473
19183
16800
45071
45898
36534
580
26875
15000
23421
26147
43399
17129
6171
18179
8244
16367
45017
16694
5532
15661
11060
42628
8476
45739
7022
7587
9507
2379
44997
32081
27195
16551
34689
18722
46775
46459
7774
46358
17841
13644
6024
16939
39049
22973
48205
1119
11352
38559
16844
19367
42484
21296
29526
49656
32383
39490
705
20122
5250
10890
27604
49971
38639
35013
5757
1022
4137
41138
2087
14188
25204
20155
14921
26213
40863
17164
45414
42995
47646
16654
35867
8002
38409
10434
9824
36734
10696
47297
30026
42753
11844
20865
49381
4106
23785
45099
443
17161
13695
3939
14268
39466
43293
42178
22366
37010
23453
33166
22523
26332
4890
22543
5092
39905
18381
2609
39933
30261
28163
10266
13319
44165
18082
41161
41326
