32191
24468
45806
29279
15416
40170
11894
4850
12380
16649
35319
18944
19371
3618
20119
24
20314
17160
37740
5187
23555
16718
10230
48921
30638
25254
30489
23725
21077
19021
39399
14959
7634
8587
20184
40713
12922
9657
26039
23266
40403
27387
47859
8825
35728
13706
24057
5823
14138
4101
2888
27175
12978
5570
986
20405
10596
11436
6041
20478
6646
42851
15830
8990
30810
27610
21374
37713
39040
10195
14552
24673
35075
42187
24048
26634
11698
23329
9629
11203
49865
22808
13090
41477
24301
17737
36393
25030
24118
43484
14159
42631
25002
42172
41643
2077
84
13061
21447
30188
26399
25637
31884
40752
584
40455
18597
46278
37070
9430
10976
5720
32971
42205
14867
14836
16310
32487
22270
1224
753
13093
1368
2436
17762
44710
8017
45264
38047
32508
12085
15027
5900
37114
35412
19747
13588
32062
17058
9854
46833
21797
38808
45006
32764
19692
31365
47974
27620
10663
23890
34950
8964
10820
45311
18530
7848
10211
27527
27395
18955
31140
17535
29299
30265
39321
11512
9829
48851
48676
3323
15809
30618
32452
41979
10011
38392
48266
11737
517
16150
35625
46508
5398
34946
33774
25302
21731
8041
48580
18562
34942
22260
48462
24454
46351
11864
33724
4869
32839
18148
18454
15397
42246
9949
3948
46487
18447
9936
2675
16113
12400
21352
969
19188
16298
29355
21633
37419
41288
3895
21999
6642
13292
15792
30757
37091
31788
45638
16885
33856
45503
7725
11424
31165
30798
28568
10374
19848
42939
14209
34098
33813
2265
48215
15487
38785
22852
25394
9848
30503
20196
31978
30459
24817
2998
29201
3746
36765
27388
38162
36790
18404
8469
35462
5138
31951
4036
23300
14532
11998
49306
6938
5653
33970
21498
14830
43671
33909
45923
2474
24979
44009
700
47285
6883
2071
6088
29466
18358
3574
7562
45240
33750
20840
2931
24497
32218
9423
39815
20499
45908
15877
42997
17413
48131
36487
23455
6976
27928
33239
47106
30402
45075
28745
17021
11206
42900
23985
7332
219
20809
35378
2689
49925
28093
10624
49481
1827
14152
37141
16921
66
7858
1433
46872
49275
13329
8498
19749
1587
36274
37526
44786
43219
30711
48701
20765
49973
23882
19339
21570
25043
25612
30684
11330
45004
30186
37976
36565
21978
16791
13291
32434
31539
31237
48165
12583
7473
14905
988
10294
33158
20745
14460
45646
20335
7148
23222
38627
24467
15465
47934
3974
38002
29542
16994
47035
38615
28181
13148
21882
36281
40199
5496
2058
42471
8808
32897
2935
24422
33759
28025
6627
13490
30699
46095
23211
34944
40109
