31796
44792
48306
38604
20133
3086
23900
12923
13261
30691
2447
26151
43890
28039
21480
34323
35356
36754
19480
4814
31369
40251
32275
1856
26326
32753
35082
47533
34648
3434
9248
43240
38505
31432
3886
8798
6887
24198
3784
9369
9835
41435
486
32826
30240
36555
47917
2139
47253
8615
10335
3112
39912
39575
15525
22420
33599
47856
19919
16325
27123
11745
20178
44565
30204
2203
11658
48951
39770
43191
18100
31260
16143
42063
8348
10405
16972
39587
29344
14882
49114
14127
40568
13989
37765
22307
30452
45836
16627
26567
12816
37476
33706
49603
35078
4670
14577
44468
12608
22417
31091
15254
11377
20181
22120
12779
6904
46099
23473
44575
47040
46730
43668
48647
49668
10665
3527
5102
21912
44451
6142
42913
16889
12173
25070
1960
20607
7161
32860
29687
17143
28844
24664
10737
36402
734
47199
21575
33472
34771
34647
12951
4297
16332
49934
1482
41905
43495
26820
14570
43451
47350
27105
20646
17934
32040
23969
18723
9743
31729
41723
4720
26642
17062
34913
23956
37470
8944
14748
15888
21506
33714
35698
42133
9714
43117
39765
19794
2842
49285
16655
20019
21944
33528
23113
9321
4327
5546
39941
13975
10224
38253
