47720
24952
38542
27517
21016
154
3358
24502
15240
749
18048
45296
35598
22289
31970
27688
45241
42869
46119
13388
8355
30542
39531
7362
48564
44794
6259
47716
2381
28407
35669
29592
38515
14083
25895
46126
42603
9246
36336
31518
11043
16175
41386
26277
29717
37116
25980
34039
23663
26348
5358
43199
44012
49202
37887
15283
41609
6256
47840
37533
2769
25564
46392
47066
33417
31148
38962
2336
13809
3224
10244
8534
48607
20809
45789
9316
22520
27944
49880
9583
29162
25044
20364
32347
44165
34759
28071
14582
49670
44143
38992
48072
7907
40233
38518
14336
22215
34776
45052
14726
13687
21741
13651
11067
44332
42452
38641
38859
41263
19976
17936
26985
44361
49674
19201
25111
45837
42073
14444
32677
5175
33838
25317
40058
7990
8776
42570
33763
6167
41987
47165
40808
8618
16440
40809
31551
7784
14836
16726
15129
2851
19258
48680
29254
18290
20001
560
23206
27711
35937
17850
37128
46500
10957
16652
14982
16697
23153
32008
45734
33421
27158
21965
42624
13114
40104
32001
21913
46655
42168
14254
16761
19340
9632
1720
17360
10100
23795
23183
24745
25316
43022
41141
30317
21962
5762
31370
16391
4738
23076
7502
42240
272
24333
4543
42644
1178
47290
40945
26386
31954
47576
10338
9956
2702
15527
15608
1578
6670
4911
6755
37906
9290
41995
16010
40358
1911
29036
41930
43130
27934
48017
14014
35453
44413
21400
32142
22898
45662
10521
27852
18352
36385
2094
40508
45832
39645
29322
41797
5730
36769
43094
7042
36902
44272
41783
39027
24809
40063
19461
18866
19852
4504
45742
28998
13538
34585
12925
34278
25536
13660
30556
5961
38197
32067
41315
10423
19671
31858
14027
6911
43721
47789
465
33670
31751
24770
39777
41489
40805
18227
12460
42028
43530
6997
4384
25957
37395
10565
19454
31356
13872
37554
34560
44605
12199
39965
49956
2996
2502
4054
25916
43615
23662
9375
14956
21879
5916
30779
35397
27305
35429
3289
27477
44276
6602
5429
9709
10257
37904
7162
18046
35353
49652
31230
11587
31178
26817
28089
31448
38510
3305
2181
36310
12959
16621
242
15752
7269
4646
31578
23608
6363
30047
1384
18459
34620
39264
21100
45752
17415
14391
41741
30388
49429
28195
10062
25692
6212
13649
2694
7814
20208
29890
27278
10862
12686
42269
24222
45300
45290
21127
15981
11781
10613
1524
28275
18487
12340
24896
27943
15014
49662
28473
49507
36436
35304
17880
9147
37378
18436
16412
30451
2312
12352
491
16069
24269
38087
16046
38048
