25484
47593
42436
28884
39637
37373
19582
48187
13459
18150
16505
33827
33772
37495
2312
18973
49717
30668
24374
2992
25664
1457
3377
44584
26562
46568
41941
43501
49965
32373
21673
40322
3113
27588
14144
3137
173
5178
12512
37297
20256
40510
23781
26319
18376
29545
33887
21078
1372
31844
20922
31064
21334
6853
10418
4941
27014
47937
36227
21021
44632
2240
25663
30897
14492
43464
22023
19435
7380
26243
17011
26225
33716
21683
6471
37873
36042
187
8957
8313
48426
40138
47669
15799
8286
20139
29625
47522
15355
26208
9707
44898
27274
31760
37823
44353
1181
10724
21366
10185
35998
6905
2025
13206
29322
20852
25762
37361
42133
12318
27213
35072
8010
16699
40439
35458
37837
34668
25126
48255
32060
36650
38246
9715
49387
5190
4970
12199
74
14052
2687
31303
26549
2517
9681
15129
46216
42341
5407
8425
33771
10064
8944
33907
36115
24647
11137
31001
48549
