4532
30353
12305
21312
19905
5624
24348
4388
5880
35093
827
36484
14981
29351
4458
8263
3776
12868
2080
38011
12534
42144
48260
25903
10104
36168
19330
2919
24623
11554
18698
31145
45464
47960
14081
25992
49047
37798
7186
12842
19323
7275
9803
13406
27252
23565
12597
45985
4447
24461
37330
38628
44210
41372
40708
18115
6264
32207
36269
18459
18895
17337
34135
5603
30681
31376
44880
1804
9090
26299
23704
49108
33366
12704
12595
2793
31783
39963
17719
27172
17051
43090
16401
8267
42406
22890
5419
34888
25167
16126
37366
29813
33192
19573
27005
205
26357
46272
49392
48581
14154
28593
16480
2660
20273
2352
31457
31718
16531
47230
49112
20973
49982
18284
1045
22250
4156
8530
42306
9990
46917
30283
16160
28529
45186
11254
33416
6380
38087
34855
34143
28
46304
1962
11622
4353
31509
36084
39365
2
20897
2157
31332
32198
32170
2463
23361
39928
4975
39945
13196
12283
29631
12861
13620
41087
48727
33241
8080
33213
43515
48380
10137
45018
14117
24559
1290
34370
24439
48908
7448
9488
37897
31079
21412
21695
11272
1497
43798
48338
49340
24489
13414
13154
43449
5950
25480
36815
32834
25065
31044
31645
30554
35578
42479
46249
38790
45708
45247
25443
38834
39669
34224
36752
1228
43676
19090
41312
5688
18712
23072
20172
35199
48937
43845
45329
40812
20559
28416
29144
30672
22757
979
36813
27259
34597
26595
20193
12542
31191
23371
48319
39068
37580
5317
35866
22727
41987
4492
31051
9912
36311
5465
26323
7225
35271
20014
22095
43629
24907
45124
43913
35705
31007
25466
49278
47300
26843
39063
9355
1677
26730
46093
25223
4505
19501
10191
2107
33742
8723
26108
13650
12206
1789
36979
11833
23385
36182
31843
44656
11334
41253
31691
11124
13134
33788
18905
