4964
13200
33851
9989
14922
21882
20590
9170
18981
14692
33718
34832
32018
49112
42829
3489
20327
37104
36658
42388
46375
33856
34989
19349
31294
9642
17684
26752
37076
16567
41300
8629
13194
537
22800
34080
25944
32526
46512
25350
5428
29479
24181
34104
2119
47473
46061
12304
17709
32520
40847
4879
3997
46482
13794
38898
43150
25115
27932
24490
23483
47338
24621
3575
33849
43430
39291
27690
13065
7117
30584
31197
25427
44798
24598
2339
20319
35253
11736
9014
34950
5356
1257
5993
33112
37502
39881
12748
15172
28046
19003
39879
38296
14134
27312
35618
33228
37249
22324
48324
37518
30934
13959
1610
42341
5111
37618
28559
28436
7467
34348
35995
21053
24498
37794
43977
23342
25748
48778
39873
15329
28725
14489
34924
42404
3139
22138
43165
28748
46236
31845
5807
12544
32661
3192
8396
17010
29043
37785
33861
39887
44226
33561
9817
46521
10028
32249
6456
35508
47745
12856
18422
48516
34600
7681
12828
23566
24756
27254
20068
30328
16289
14022
30166
42164
5721
10528
28706
11880
14302
36783
17796
17410
26046
20329
43605
42435
13541
29737
39964
42712
25926
2639
4645
49471
34225
31622
5281
10513
5505
580
12669
42666
11907
24189
29529
2235
31675
27784
14343
29950
49553
8852
11923
30809
29509
44337
28749
47837
2949
1550
24335
9363
2556
35776
44772
41290
28111
19902
13198
38957
28914
44542
36160
16876
28139
6606
3731
10886
48930
8512
47084
3123
24342
40416
26605
9674
30528
26391
12505
876
5368
6568
15921
25318
38107
47224
35091
31007
21578
42272
6128
41570
28962
33139
25201
35588
39105
42422
48098
37152
5936
22914
15646
2206
10091
22438
19855
1851
17953
36468
48427
31059
38343
38462
29993
35828
4230
47841
9216
31401
7742
34739
25833
1321
18689
28939
49424
12777
46435
28259
36923
35167
4647
35174
34885
2065
4636
12198
37578
38438
35609
40728
42563
7282
37479
40558
23284
43876
35064
38878
12256
40313
47444
7074
15356
13434
48548
45753
40490
34131
7833
39125
30660
27877
42333
28825
28567
11854
31405
13826
40163
44952
22441
22856
15181
10696
