4184
32522
24982
47818
37993
11865
17962
20643
47136
49756
30416
7157
49299
19026
45602
28815
34377
42454
39654
24326
40314
30126
15844
10855
23908
46048
41634
13278
29955
20642
361
39486
10819
11443
28214
1367
30272
23698
30282
25158
22486
3409
7154
32711
35835
7145
13530
15727
20927
8219
34846
19833
38935
25778
1378
22353
5073
37625
38889
12846
16282
6770
22571
1524
34475
15692
12762
15470
40698
26766
26746
36153
46467
16831
36948
48664
30574
16227
45281
28198
8270
48637
28006
35865
15234
35161
966
43229
37119
25932
9079
26874
40960
47684
17349
17973
5076
28429
