29154
30069
22675
43726
35678
9172
35431
24467
24719
15916
42330
49401
28737
880
7247
4643
33469
25725
48824
27573
47314
24676
7901
44938
45599
48384
37975
16734
6758
26075
48821
40270
22128
32148
19397
38803
40323
24990
15091
46977
39145
26358
34465
4992
20826
21466
48573
20796
31035
38083
37034
46382
9694
31765
44797
22412
8593
32944
36933
19164
34395
16104
40046
37685
46068
27243
39423
18668
44031
46294
11370
14540
5182
29615
44385
41003
35115
31060
44010
27780
5127
20978
31894
13532
21126
42320
37090
20739
45809
31993
46250
35269
33516
44299
7337
46580
38141
8725
16855
4967
16086
42984
6925
41093
14970
41165
31692
13123
40257
34085
6343
18885
36474
19799
42184
1554
18255
33615
43866
44184
31720
2074
35305
35900
43374
48578
7810
38266
37589
38875
4788
21553
5345
12385
36152
7606
41804
26158
44713
16074
41430
7669
12735
49748
11353
998
39093
43180
35721
13606
4512
22855
13570
14737
34290
45073
4773
4642
17420
37494
5109
47994
47057
7790
15550
49800
39616
46163
994
20089
42123
30938
12731
32331
20906
39677
16739
29735
31608
27846
7934
35993
33550
17688
23429
7966
34627
15982
3749
36099
32066
37717
11392
38276
30534
1483
1841
26872
48248
3005
637
10825
16977
32137
43349
20815
34311
41208
2954
42865
23426
32303
10178
31893
37165
29107
16765
31938
17516
29203
11133
22293
200
38778
42235
40904
5179
11747
22504
40243
29844
25685
34037
615
20830
7465
22125
47241
2593
1745
24591
2188
26308
7450
16546
35223
25143
41602
41101
12117
42268
47922
39222
44677
45830
32410
47529
39293
44125
3563
35004
4775
19603
48465
19472
33372
8846
30597
31461
4276
35381
32075
10163
42223
19905
7435
12423
17470
48758
28717
8977
21496
31584
1772
22233
41205
19789
48958
41392
35888
11612
32579
34679
47460
36192
16078
25206
6361
25897
37023
18086
27945
21999
37992
17113
22178
9386
21498
21549
2295
24650
4432
18701
12817
15231
30592
11299
5901
38196
43590
15302
12446
47072
44237
41203
24284
42736
29185
40275
27320
32961
22917
14538
1990
49152
17375
5257
11007
25891
35402
12145
25208
5715
39742
43137
12186
21184
34645
14242
29111
31879
12322
11978
40202
12762
43714
20896
4878
6033
22905
24312
46882
4688
41619
4164
6731
40096
30823
38703
8638
49077
5166
29924
40143
13044
45791
18711
17846
7528
11623
16946
26140
18175
39156
17883
24963
47541
9208
36439
44932
49046
33930
10214
29907
36826
27110
23159
23864
4980
48651
27676
17654
44915
33507
37174
14789
18222
20226
8096
40397
1470
21398
6272
22131
42467
27142
23043
14697
30119
20728
33041
15252
17535
3998
