48211
5297
41566
3651
638
7201
11521
15283
7575
36502
42976
45487
35308
24540
17303
5589
5750
12354
3556
26894
44318
3597
46839
17096
17580
49243
11866
18557
39389
30915
25959
37555
8254
41542
11497
12222
40813
7478
2944
20210
26509
17798
5133
11703
91
1054
40321
21263
47087
8894
3219
6400
15887
3697
41933
6649
46672
20307
8690
48700
44310
365
48810
10803
14955
40512
26675
48413
45869
32577
45590
27485
11727
43858
38212
42821
41076
18074
21411
13150
23450
1764
9599
37630
25709
17865
34417
3960
32647
20488
46784
2889
13973
16558
43468
16134
46844
20382
33090
27131
9892
8880
23600
38704
42042
32459
15672
18152
19410
31566
4918
5006
1029
28920
756
2486
42850
1925
31321
44628
44930
1306
17082
14715
5743
44831
38488
28155
21276
24609
41649
9635
28661
43742
37381
6324
13774
11496
37471
35235
30949
2748
30686
26071
35862
16751
8462
10361
14306
48798
45146
28731
13983
17256
23546
35126
20045
15551
15078
40999
36486
17357
21632
4630
47782
15698
11057
7047
23244
5812
16724
20814
19399
816
27709
29754
37564
31572
16064
10712
33803
24560
20076
29905
49054
29233
17363
48632
39258
8368
20508
40947
43861
15504
35672
33485
18700
12638
25220
34250
40842
22100
26667
40079
20558
27141
32860
25607
41735
13125
11498
28179
48482
413
278
28811
33126
24464
15785
1908
31531
17919
42819
6672
7948
35528
7026
37554
46068
11515
239
27887
21026
30530
29682
8571
3606
38053
46357
31128
32451
29613
24844
9060
35343
11792
4049
44797
34120
36019
48802
33965
14623
39384
9831
24186
32681
40015
23170
13471
19155
47241
29123
49755
48641
16997
49669
23099
37347
39677
25459
4485
12139
2655
23419
26336
8305
23820
20550
43575
12568
1252
42472
23035
17080
12971
3007
113
8801
32079
3949
9537
19031
24630
40033
44535
32312
13356
31151
42167
47785
23493
3144
49602
6777
38295
35713
14528
19253
14204
24544
36823
24081
24918
18593
27493
32662
8038
5366
15667
22089
19707
11482
25904
16556
31225
8988
16063
36309
48477
25647
26038
47403
9020
48139
10646
17511
32120
1058
40037
24024
13112
13242
5613
11879
18752
9650
33867
7985
5101
22138
42438
41702
45449
1934
3329
20269
5520
25918
37937
5242
16901
19469
7775
49963
2469
46236
48688
23975
34504
33988
37237
13869
6489
5646
16174
8737
11693
38948
19647
16953
5218
3632
20123
10602
1803
45024
33849
46214
8332
20805
38614
12804
19843
14175
33904
11339
21542
31069
16937
19175
41184
22754
9165
26813
40158
30904
41875
20379
8769
2045
9995
20563
6587
26504
44757
1844
19671
24400
30878
49594
3246
28883
24686
14731
42571
46080
15605
45942
23420
12322
33685
14527
22431
39870
15161
46314
6580
8418
21255
27840
14307
23132
42151
31836
48203
48630
45764
25391
13313
32905
28825
48082
37567
33798
5833
39076
26493
23621
30494
4803
30592
8831
20223
5079
13790
38763
127
29397
47239
12755
17638
32824
27333
18142
25312
10769
2018
12957
12293
4337
48993
37817
23715
21860
48913
3879
19620
41489
18337
6046
37756
41417
10280
27817
45672
33860
2275
10143
39681
36177
2582
27315
19988
40931
17561
32734
13552
39247
5692
49702
3421
25785
32953
36364
41622
40599
36014
6322
9085
3169
5269
40255
7366
40041
186
44547
46130
27845
23460
11576
22029
26057
31926
25368
22576
611
33062
38915
6067
14985
9106
48889
33686
31763
12613
33022
44457
16923
31074
25247
26413
30201
35090
46991
45851
25883
10858
27642
41082
36481
31279
6390
2829
3890
35525
13398
7541
21050
18876
27316
46590
44420
12654
17122
15482
44826
13812
41633
41583
841
27400
45295
23165
19143
49026
49667
33914
49117
10447
35185
36211
43506
27040
44189
23275
1746
35958
30973
4303
27755
16406
12488
21892
46874
5974
13083
2887
42137
34788
38693
40421
15086
32047
33810
39813
39626
41671
20198
26196
36114
3726
12176
6737
41748
14433
10475
46294
8564
21158
46097
31839
15221
40796
49183
30890
15427
9509
29577
19645
3647
24317
41614
8823
7261
2438
28692
12875
29728
46792
6125
20530
11420
26724
11332
1288
37295
22315
33612
22783
11209
49577
