37284
32447
6709
30716
17079
740
39772
25453
25983
26433
1147
6315
37446
37243
16294
32846
5490
43177
46598
24515
18887
1062
11946
18366
34468
39230
31408
44631
16865
16186
20967
7193
15804
9880
17133
14459
20592
43514
37111
37504
4750
29985
7539
23068
46447
10856
6230
38825
34137
28715
41467
30612
44902
20496
18496
44491
48940
38459
25817
32183
23011
25289
27805
34299
18720
22044
27246
43960
30916
40178
6753
21080
664
26472
33726
48862
20612
24210
34949
12313
16272
28742
4877
13364
10136
24837
27672
47251
21558
20898
32767
45350
28728
43285
23005
37335
49677
38578
33827
3432
1268
4382
19399
8457
22490
9693
11577
22997
12092
9773
26959
5783
10461
46779
26877
9113
22292
49812
31873
26926
21831
6086
38434
24444
21547
10872
26599
25409
25950
29387
19255
10728
46567
5361
40390
46888
21648
46711
8296
34448
5124
12514
11089
46897
30951
43806
23762
46293
3889
18516
9680
12846
42717
22966
6547
28442
985
49567
16719
46140
1089
22727
5387
10941
18512
4665
8985
12964
41445
46096
18
20893
1111
21565
37911
20548
2104
6948
9594
15149
8169
42285
3941
29014
1400
37471
42937
35852
27894
10954
26861
31774
20302
5212
31658
20096
26303
40879
42497
5873
28841
18977
21863
31472
32257
48860
3629
33246
13259
29340
22252
15676
38735
12172
23890
42697
38594
31942
21248
38681
4199
15630
47403
22395
18730
2302
47263
47519
39212
120
1214
27328
21631
386
43651
43447
24803
47034
13579
26960
27247
18910
18157
43410
18372
24240
39213
27239
35915
18017
38293
24192
20618
36492
27503
27707
36164
34257
36567
3636
49563
21624
31722
49095
34431
27953
9366
40939
34146
46713
10238
4948
42628
11460
8933
19222
5194
14553
3054
3219
33898
5122
15369
18572
16544
46989
11304
24537
2583
164
10638
17554
32392
15306
23677
19376
17543
46590
41251
21770
20233
38209
12589
43473
21904
25537
37033
13654
43618
39238
48030
29989
28558
23175
34570
47678
17997
42041
3309
37006
31572
14432
14310
46818
7852
33802
33895
20789
28773
7713
21803
34310
30699
46367
5261
20399
11860
4573
1642
4398
41530
12855
30547
48897
5039
2523
34229
27860
16036
8971
18268
11178
4063
13389
6168
24546
8672
44572
11227
37681
5760
28326
13125
49129
19903
36163
41550
3077
33646
39618
43853
31754
10372
46910
2399
49518
23992
41632
45692
18101
27835
26825
47888
3730
25712
42382
36153
25238
30833
7332
29151
12023
15342
41230
7185
48044
37863
33060
10511
39500
13475
1415
25550
25778
18528
33374
22177
5159
2649
32781
2802
13683
38651
2165
17038
39011
45758
43119
23491
1509
10380
44965
13641
3183
16348
39958
3317
11487
4204
5989
8812
3146
35964
9585
1044
28458
6375
