3260
49878
7089
20935
15191
10277
42303
38420
21109
44623
3196
13073
14554
45620
33453
28154
6449
22052
34084
8117
44273
24579
18963
44472
28783
44466
46982
18070
26367
13693
45880
2913
24881
20323
2989
40924
18789
39584
7950
5736
12714
16556
34621
28374
28840
18455
8081
31099
33835
40521
17571
47810
31118
1755
31508
4331
32069
12007
34801
509
11224
29231
46571
41213
17980
11855
47079
20755
36219
5213
17103
45210
18888
35784
22881
25625
16087
29208
2793
39953
13656
4085
19029
38685
9977
48196
5277
49786
2358
7857
30143
19505
13686
4540
22186
17959
25836
33351
21811
39339
12564
6559
49147
3846
40551
17792
10075
26307
18258
12766
49319
35832
7862
30947
12195
8481
24352
46576
2834
26994
37444
25052
11361
31579
5660
39364
14662
1603
40410
48555
41301
10930
40610
12094
13050
15600
39494
46763
22620
17157
20085
22567
19276
30828
16957
45116
12213
22513
9799
26363
46659
940
678
43610
32388
44372
31688
32420
17886
39814
23190
25455
3896
35547
5496
9593
36685
23321
18317
530
13487
6531
35711
30414
18108
7933
11741
40752
35088
23609
41448
32632
16664
28124
48251
16699
24236
3966
11280
15392
28726
12163
27650
24302
22439
47827
32817
27430
20829
17912
32969
36285
13628
13241
4247
3742
475
1094
40155
25243
46296
27971
45449
49968
10584
17464
29796
30377
37223
43708
5310
2233
4487
47439
48841
44185
37858
1727
26192
15581
12727
18229
3751
40137
44079
42553
19996
18785
1617
12102
16973
33086
35666
32729
13404
9678
39334
44835
14779
44796
35524
31492
19141
12324
6471
16685
43207
33772
44694
20647
17610
37366
11219
18906
26509
26205
2180
6002
41689
784
22347
27590
27580
12641
10073
34463
10445
3544
37520
8739
8606
41876
31423
18159
33178
16944
48244
16826
22200
32465
49463
23584
702
15907
4262
38290
32452
22738
4488
25281
33073
23877
43105
47221
17175
2304
5037
26564
10158
10500
5397
9791
46801
32201
47557
32016
42053
25461
44167
36613
49582
15053
32776
23185
41893
46503
11796
33402
25713
26316
11581
18071
3924
12264
9871
16162
8194
5262
36178
45502
45251
43786
8175
32272
2892
28192
9117
18383
41385
7376
37177
40495
6188
40064
28600
23981
31296
34766
6980
20062
37602
39966
41994
7787
29176
8527
14760
4770
26580
11935
42734
3250
7971
6651
24083
32307
15825
14622
29054
14671
24150
3297
43885
7013
16248
22655
24098
14434
44816
30756
22290
9249
40343
1050
7356
49143
32091
43946
26895
8607
7718
410
15344
46403
16228
34102
