39100
20000
18582
29656
47953
20271
12611
26555
37013
33465
31139
21048
1511
23829
24972
11150
27990
4675
39734
2662
37674
13219
34202
47957
30794
9886
12582
38379
11616
26071
47260
16696
4390
32283
37928
3775
15529
32264
11648
8711
4021
39763
14623
8060
46564
1530
46051
1281
36624
29517
34611
12321
32372
13695
45714
49591
11575
9710
29895
41433
15874
1286
18480
2226
45299
40548
33569
39345
4743
28845
22511
37473
49051
39551
48931
15794
189
9357
47285
6430
20035
6419
24505
44696
30245
33431
21108
17967
27177
14145
16372
46541
46609
11431
39282
33807
25975
45824
14912
23081
22579
24448
31592
26561
41454
23299
35947
21442
12166
49697
42739
1999
24184
45920
1029
16282
31227
36494
30752
15988
47667
45480
39033
19117
1660
48311
48638
33137
3056
18322
19090
46582
35486
12555
11011
23475
10246
13039
34810
43936
20966
11175
35686
38537
32433
13857
48963
27458
16959
8653
20164
43194
21365
10146
43233
10835
39866
1664
30625
14118
46838
18596
16815
698
3616
32442
3419
15505
6306
35542
6269
47313
13134
21681
7549
22701
2866
16848
3241
6912
44058
28180
16351
34767
21673
2383
24264
38476
14619
10247
20108
8422
16788
44707
34317
7157
47164
22849
44119
37754
6035
46135
30147
37978
46819
22555
3353
9359
13232
33049
12299
46431
41200
24848
43324
26614
43273
36843
45301
19451
36988
45340
45603
34064
22550
14641
3597
8847
24463
8594
32912
27533
47722
47894
5672
20996
30966
42607
32789
41326
9555
31130
1751
25418
25619
6769
10594
13547
4270
49539
31789
40347
12031
31392
5869
43661
33958
13878
34823
25511
11314
46310
31268
23045
11098
13055
47227
26213
12073
2665
35989
31877
8003
14201
9057
36089
3097
13469
1355
25939
31214
23279
28990
47528
13488
36839
3995
36493
14045
35705
1143
29127
7910
1398
24425
13612
46201
48960
8511
36859
32370
23596
7932
12788
34196
42389
43838
33857
14959
25202
9131
48591
2841
13264
29618
43114
24361
47048
22247
15345
15820
23225
21295
87
20790
30224
30574
1835
13723
26177
14880
16841
5430
18571
25094
18773
16295
22271
46618
30034
17033
34361
25859
16837
4960
21907
42392
43512
30335
29070
11429
48814
17506
20177
14531
26492
40121
38523
25958
13582
29512
27084
37940
41379
36705
18362
27465
17900
19634
23334
1430
20167
30965
13726
6877
20322
48713
30239
26480
1566
36970
22699
21525
23298
26218
48752
45973
20295
3255
32550
5665
9391
33059
36979
11373
