5748
12006
5140
6949
16434
36388
30320
9718
27917
12580
6208
30648
40369
35114
38263
35868
39980
4649
40734
10540
7351
35198
35933
20609
31270
40966
3937
43151
38167
25184
27020
32970
48314
1701
8637
20948
35157
42168
32613
31017
30707
38624
18693
49318
17334
23563
2201
28485
11168
8173
42157
38993
47648
30703
49378
48299
49428
35923
7945
34015
5987
13000
26210
38784
7910
11205
15820
36786
332
21702
15343
12028
36245
7930
42829
7954
19260
27796
37244
24125
42904
11422
16189
4520
24448
23047
46961
28030
14770
28188
20316
6836
49660
19637
17613
32030
41190
49201
6342
22402
13821
30636
37169
35727
15940
25112
7760
14862
27860
20573
37085
16776
18801
21101
9109
49234
15765
9150
656
14249
29186
22128
3910
25873
42458
46858
28599
11062
3527
7005
39696
11918
12339
49974
17378
47453
16618
36296
17661
35432
18090
15239
20628
11293
48955
10733
2771
12392
38714
19245
5447
702
48202
40437
17552
1327
29212
41258
19316
7905
7387
29243
32664
37107
33618
42226
13020
18634
32196
497
48904
49945
39352
9966
17996
48024
45280
27256
28255
38388
27716
28720
29375
49413
35583
31786
15102
13507
22904
31808
22473
18077
22772
39659
38465
25661
6244
41607
43760
11259
457
15483
3600
25372
19037
18178
22678
24028
17752
48106
35731
1371
49684
27771
17848
6889
15614
36870
23624
20096
32747
25399
7642
13577
22070
4871
8963
4875
6444
42886
25160
22823
43633
22457
13779
46205
36542
37844
27101
25860
7082
41294
33319
36649
42930
46253
47093
4203
17718
25957
21115
2882
30284
818
30617
1256
2095
19684
15439
3942
25155
39717
7891
23119
17069
10047
22640
20883
25623
27260
18577
31468
23952
27081
8429
16623
5077
12539
35299
32850
48779
3168
22453
42515
4093
20577
35591
37611
47978
27075
33615
35421
34703
23913
33712
43747
22654
20055
19600
23354
46196
3510
16554
5505
46208
11794
34697
41777
29348
31183
29681
26459
12569
42393
39718
9525
24730
48302
11540
44595
47713
10886
10444
28292
47609
36797
9077
10632
6383
27425
41814
8714
47311
32193
10887
5593
45051
20734
3836
13375
11568
20699
44208
32600
42146
