32699
32474
45163
41907
47916
20838
21684
23337
23026
428
16501
9311
32511
45084
16033
31878
37987
30323
7728
26187
9769
20393
13417
20382
22732
35137
25090
794
43123
34498
13646
12617
47249
35211
27928
31537
47027
49912
25785
12864
15341
9432
8580
23408
4745
933
32799
14077
7166
3453
26709
44297
10697
8129
4838
3541
8599
33094
4546
15225
3564
5184
36133
12280
46410
33009
2718
47184
18087
20172
39898
33964
27283
29605
40400
17109
15042
48816
23613
16220
33803
35858
12633
21666
19955
33362
27563
40360
4793
5099
3301
31709
36597
17901
37787
49782
2291
10038
27188
13623
26889
7331
37758
14933
39737
46146
22720
31062
15465
37918
39070
21742
36377
990
2003
34693
43798
32411
46523
28052
25467
6874
6337
4417
14691
920
15328
45121
25905
34673
23942
48671
14865
20656
10491
24169
17489
40960
27586
33932
1840
30706
10381
25717
35556
42357
43643
47807
8616
41541
3012
1848
49261
20235
4869
48131
19447
19724
45854
2023
23559
12130
38382
42315
2903
5994
34367
28666
12245
34214
40664
15105
47596
4201
13483
15594
1064
11035
32972
37379
14291
46484
12495
42911
43111
49605
30404
488
47928
25979
37459
23331
35398
42872
16703
32527
44624
23049
8263
30065
5848
16580
32678
369
14777
33547
16777
3869
39511
42022
43832
7629
4661
3534
27824
35831
25091
45374
21478
34056
9963
37675
17881
3738
42054
31661
36833
1827
44314
35772
13283
12948
18313
23093
24953
28470
40718
11920
16164
41321
4854
6666
37773
24818
24653
8154
13634
29507
32446
4776
47521
3253
31868
41250
47735
26499
49849
4891
29477
31146
13992
27301
34664
40124
47724
19515
39114
17729
27379
13350
23167
48949
49552
11251
9383
8740
34735
10153
15768
9747
2200
7323
14382
8149
38328
8177
34976
42391
14997
28903
43956
19511
12197
20723
4873
12484
1552
7419
41895
36151
34420
40716
36869
33575
34111
21748
18163
17269
19209
43599
38608
34830
12060
16940
43314
34732
47420
36241
31127
48008
42895
46332
45330
22198
39650
6978
40725
37329
22436
42340
18332
17204
16527
43823
23775
40283
21981
6351
23991
3928
41941
19582
47101
7739
12824
16741
27606
32940
19857
33466
32473
39205
22296
15958
49137
47181
12229
27071
4233
20390
29097
3669
33324
21274
4510
14583
15967
29525
8392
10748
16565
39434
44398
27464
1643
11128
37095
44448
6714
31212
34545
24665
29496
13865
28983
531
31152
21046
49930
24092
34223
40714
44458
42706
13201
2345
31428
47366
32954
27592
24287
4193
24917
21146
28923
8999
22896
21916
24071
38764
4067
4614
48660
23243
32076
15873
45351
32273
18890
46875
7611
31290
49105
9437
33700
26548
259
24763
16927
3646
33054
26936
35855
5757
40613
2613
48866
38671
40916
34347
40983
24697
23682
27959
38517
6974
36259
40160
40002
28782
1653
16754
42051
16049
40764
35457
12044
40015
17231
2597
32054
22405
24740
33580
5471
40361
34253
11154
10952
29278
48572
14125
34572
