45698
35612
34918
36578
28875
12045
15206
12366
16177
25621
44853
10852
37406
32541
48359
24801
45911
5592
32423
44775
21222
6385
6472
3578
20677
18578
202
28603
25327
15776
27918
2146
6851
41488
45821
36484
29582
28843
10414
40148
20003
12937
19270
44242
37865
24363
12663
41957
667
7644
178
16213
11969
18865
12776
44459
23604
33357
7255
14245
25382
46098
46749
9233
7931
16882
49783
38553
4239
2850
43147
41581
18127
38931
33682
15136
27140
30314
16832
18250
32213
34788
1618
40252
7672
33829
15187
16657
40100
10947
26930
46687
36844
38654
1129
28771
42496
30797
18132
16260
36258
27559
7148
11759
42781
46612
12680
11869
48621
17816
12444
16593
38144
45003
22953
44692
42551
16471
13080
48481
48796
6329
44949
44990
32188
39467
26467
41159
43499
46437
49940
36115
10868
21582
9089
28014
19107
8536
4228
35276
22715
36030
27189
43155
35938
35911
27501
10861
5556
13159
46935
42310
213
40126
38881
2630
35324
35383
8452
39974
25547
17270
45261
9788
632
12763
49198
15935
11343
48061
18735
49282
36828
9864
38887
36646
14150
27422
48502
40154
49115
9853
1898
2374
33386
26809
34234
28033
10155
42698
29411
4388
1779
13868
15666
9002
15162
18375
43418
14290
11868
25058
4023
35694
15033
39138
12616
38446
15625
34798
13974
2417
39359
16452
23482
44537
12691
32336
29524
47347
27006
9933
5841
33607
38477
10889
33992
9395
14980
30121
16426
48605
27747
2355
35059
28395
45954
25650
11441
34218
41713
15439
8965
19933
36893
42657
3321
33018
39074
2697
29987
20698
49290
37535
17197
49335
28797
41048
9341
19924
36809
14321
13376
37811
38820
14974
43683
46593
48640
39580
20360
43810
5483
49079
24540
18870
49628
8767
40297
16936
1023
18164
12821
49188
13568
38538
46662
46373
36906
25179
29917
15793
8234
41691
35657
47777
7014
42611
24043
33205
48024
35250
14859
9974
46054
37246
20095
36610
18714
32897
39134
24840
39111
43929
21149
10436
5357
35636
48581
38041
3145
14589
42626
49735
35683
31133
4065
44304
46195
23972
27998
6589
16494
47108
2534
8679
36083
3911
33896
7592
47440
19309
44855
43310
2800
22414
18003
39408
18651
47946
1018
45689
12454
44303
31816
11746
14370
42799
7837
27008
24356
47348
26935
44889
18193
9703
1889
35439
29378
42179
3667
15349
37299
15933
776
2046
14090
30260
31916
11974
8635
31724
8769
2891
24250
23707
24028
49578
46415
46308
13211
30731
16812
33819
49907
17223
34327
29944
39363
32503
28273
46844
36500
49219
48998
5766
1670
12949
40612
20065
24849
34240
374
24597
7457
49541
20776
30901
33110
1624
36215
11148
3569
28290
31462
