234
3912
9602
27961
13836
48576
26783
41298
33493
3518
21376
1712
11465
26106
24016
32819
35792
14936
1340
32910
525
18770
6253
37919
6317
9997
24332
30940
26450
18787
48451
19094
27903
23271
49432
40001
5659
11317
19070
41081
9080
28578
4606
8828
45549
13936
34859
23551
10600
32600
23446
11341
29055
26112
7142
45602
34010
8822
37035
35141
18925
23499
16377
12291
13688
14938
22331
2365
47860
19317
2244
4993
6022
6615
39201
7535
27274
2608
13639
23202
31081
33997
6140
33211
1902
424
29736
46911
19191
36130
26167
44351
31023
17890
2230
29126
35321
10274
11877
23683
5539
48108
2674
12733
40762
12623
26357
20500
40477
43595
128
43124
35753
27122
25063
32534
3173
48271
49624
34569
5969
38433
19679
23381
21651
34905
31096
12013
31640
27012
48906
22460
6792
33708
23069
31512
39194
11242
11113
8038
22219
35917
7120
43242
13700
38195
5971
43908
25357
38550
20453
16206
36424
48278
41841
42300
9298
10894
29619
8494
45673
9083
37037
8053
26263
28895
33681
23171
845
14979
40832
20204
30440
44993
41458
40211
12206
36550
7093
28625
28280
18413
16457
37147
99
12581
45528
7962
12134
46182
42373
37234
20918
8876
18555
35990
22875
4073
20797
22870
6504
18893
40704
34758
38657
29044
44742
1900
9607
43336
5596
915
23645
6760
22694
5651
26672
43452
30030
48307
12184
14537
41767
15974
38450
23289
11620
33314
6902
40852
40657
38215
27565
691
31134
7211
17765
7609
20782
20769
28011
25338
13209
22060
119
6111
26374
13757
40157
47345
41002
41068
2296
5974
13288
28224
46275
36485
3161
47406
47396
9682
24421
39952
46133
162
2617
48174
17673
24081
38704
12107
3469
10068
4087
38364
17707
17443
21338
26012
36483
3428
3942
47711
33168
13085
29247
18952
32524
37371
40617
46313
18287
9309
48184
4084
24705
19764
33647
38902
22705
10030
12893
46563
13719
43875
37830
17486
35461
12455
6909
31861
38599
42945
18659
18697
13550
6328
2899
26768
8286
2824
4757
40182
6415
30294
33410
30465
41273
20708
15209
47939
25521
46278
21435
8315
35630
29941
9790
23341
7735
43717
24776
36708
28952
48282
19462
38699
37117
16284
33915
34029
39277
48657
44552
12954
19514
47373
2128
18871
45404
23657
5435
441
30895
4945
39189
26533
6432
22129
45399
29837
45840
88
8406
38673
28444
44009
44679
33537
18093
13140
21860
24748
42868
33052
30582
12267
17774
22874
34272
15065
14094
38185
34316
37837
26176
26408
47592
49752
6551
2624
25372
5533
23578
36128
34820
4227
5666
38028
24315
1464
20268
48369
15307
17479
28404
22108
30537
29976
45359
29730
33202
4050
45293
39142
41699
27334
28888
40403
41725
6501
33420
43024
7050
41359
39174
39202
30654
336
21926
22806
20490
44500
49091
