37838
30547
2642
19542
40442
9586
1603
22496
36050
23390
27932
44231
45569
6018
30658
26748
33041
41142
46065
47363
20041
37061
37569
33443
10202
8847
13010
3840
1031
6327
25496
24334
46431
19481
36375
41465
5844
31120
39396
39469
30377
17423
31092
4767
24430
2805
31139
1772
8245
17434
48351
17958
9917
31910
32463
11034
11468
21160
19138
28193
9518
426
41571
48525
29742
42959
32386
36381
5413
8423
1933
46662
25614
26917
20703
40567
8759
37220
9406
28103
20222
12584
35757
10431
28746
495
13999
5500
18784
37391
8882
45647
16394
35307
5758
29234
41185
14638
6530
39359
2651
30056
7516
1781
14979
13738
30642
35677
9019
5751
27088
13295
27476
22736
37858
4949
14870
36371
2556
17968
6364
8201
46201
9489
23774
49881
26036
10800
18097
46551
9969
18478
30843
2706
33418
22817
25946
31033
6328
48014
40423
13126
38949
14199
23470
43147
22012
38217
13783
12292
45303
39306
377
28948
47492
1486
2513
13805
19570
16164
49789
24839
2012
30319
20039
24456
25928
2569
34712
46883
6591
33208
15169
6722
4772
44570
47813
29296
26070
154
13303
49731
48870
49880
30003
13059
15351
13929
45584
49264
11823
7011
3755
27816
25939
47033
46965
39318
35372
25156
23545
26524
27997
46380
45501
31805
35798
21043
44027
438
29952
40643
40499
3512
24175
22844
34636
21371
35579
26535
6833
38016
39140
8976
42375
14386
8529
31799
9522
37843
22671
48030
30138
46928
46111
25991
4514
6313
653
31171
33625
10084
23827
46856
39627
25088
27515
38222
16948
22739
48836
40758
4611
38132
43702
15074
40991
9726
48169
7694
3917
11736
9587
23822
16200
17904
6631
4173
39737
29390
15451
10118
47770
33120
28845
6981
3666
10738
128
44250
16201
7070
32429
8793
21904
37629
44599
45849
37859
26390
21011
31060
36771
12455
15686
47573
23310
34644
40823
25658
14554
31180
4362
43664
40345
27301
1207
2430
37142
465
38529
42701
44092
34733
45041
42594
17283
10172
35824
43534
20386
21119
2678
34738
29019
17438
14334
15599
210
27238
41263
7727
4444
38073
10255
26710
8978
37877
8983
2503
46579
39088
48483
6463
43777
44438
12891
16528
28056
46888
24924
1491
48344
48518
13996
45738
4738
449
1223
27576
28323
20348
2444
12351
37025
42386
33048
35614
38008
45471
4847
5530
26499
14347
19650
43708
19334
9149
25908
37712
6877
41159
48209
23483
33649
45876
47452
10659
24050
44309
27863
24712
5835
401
4721
12845
37466
11910
1241
3464
1520
36664
4104
2227
41579
35906
34734
16858
4567
38953
7997
45594
17290
8869
36373
36899
15158
5236
17206
9156
10121
14583
40215
47488
47078
15723
46404
20203
11476
39074
25947
25430
49977
32496
22091
11172
44916
8303
25420
33729
10403
37084
37454
16907
19313
16195
23444
41845
40168
42674
10362
30187
37675
39658
28125
37327
18887
2581
13649
22276
19701
6640
32894
12262
6174
25665
5715
35607
41801
34364
49521
23900
35737
20030
48737
44591
26154
32345
13768
33835
37194
16392
19246
22735
40861
477
41869
20217
41662
49313
2623
34794
20632
31503
31758
9932
1296
8281
23878
36198
33800
41134
11090
32489
28622
26536
30257
13345
47545
18158
43152
32008
1295
25488
17419
20358
1260
27248
19980
7282
37060
22217
13584
40488
20114
48200
27741
14084
26467
46665
44424
37443
20790
25054
10411
23594
47707
8862
30234
48689
6715
44796
31082
38291
34416
15014
11279
21417
7317
5982
25448
49872
18927
27034
17508
22752
20974
29977
4814
15585
21256
42282
15954
18845
44373
19680
43517
8733
481
28174
1576
22153
274
6494
43443
9129
25055
