21034
42759
31131
3244
30811
38758
14376
49920
37075
10453
44520
39088
5538
32089
14599
44702
45110
28107
12508
9295
7218
26002
28731
45607
35444
25788
27786
12218
32375
39909
30305
11239
35872
31538
32950
7871
12787
41702
3644
37353
14521
4202
2585
1133
43433
27916
45881
32387
324
704
29566
8084
36279
20182
11949
20732
40554
47836
37545
47234
8474
2327
45154
48592
22745
34783
45776
6650
20020
11971
27055
34309
10766
22500
25095
16108
44528
30569
12677
13598
16093
23624
31984
34837
10412
16016
1130
17782
11088
45478
32186
28113
32369
28494
37877
41971
39066
3258
1672
20532
4197
39851
25806
31503
44123
15359
30460
5095
3046
32570
31926
19626
26788
5614
551
40258
25835
43275
44962
43039
43991
8833
49168
3356
27796
6793
45419
47563
8624
49793
41605
4157
24271
43115
32405
45497
39312
10230
19024
45468
10589
28700
30961
39723
49055
37173
1258
45379
18587
39030
40639
6392
44493
20315
23166
4441
32440
33224
7176
13138
926
40475
48888
7205
33755
45563
1802
13578
29700
11454
38598
11263
39740
44179
21866
22143
27815
43647
37999
7360
33924
8050
30464
46178
14280
35121
37956
43593
27761
1379
37415
11463
24129
609
35943
47051
14456
35606
6302
41318
41485
32227
29316
45288
16538
16118
49787
31073
9809
4630
39797
8620
31438
33459
43570
45694
11852
11261
32277
45189
2544
14423
10348
16223
3266
21221
39805
48373
46726
29023
6806
11443
24475
41500
21801
4148
261
34129
48641
19648
20707
36454
28082
25586
7267
35008
9767
4400
13833
1243
13844
32783
42778
47087
2845
33092
20955
47242
38910
40938
20631
4356
36055
24566
47779
46865
29968
36230
7224
3098
37429
34242
18828
49279
11310
11372
17817
16852
44871
33284
48648
30237
47527
2686
23749
39195
41633
9816
3907
38044
9718
37912
28785
27550
7884
21227
46883
25965
40447
48741
45422
15715
41365
43617
33703
45561
13775
5285
12382
37596
8098
2259
32556
13802
40893
14580
5691
39069
6528
36776
17562
14482
20623
2415
24810
17635
4068
17344
39218
5584
38807
15151
40935
8802
12055
16782
18269
46920
44369
27457
23042
26233
8086
47597
18624
30213
43993
3571
48985
26881
42260
6629
3270
38794
26360
32711
41107
3542
28910
10924
12713
19032
22935
21242
6743
5963
26081
37014
42763
5432
7146
467
3142
33391
43481
12967
33501
45205
43511
31936
9832
35539
37300
23949
8832
39967
2940
327
40242
49580
33238
5860
35735
45485
35347
24902
36530
35163
5608
40172
41132
7448
20767
22749
17212
