44339
14620
28897
36824
11848
27122
33117
27233
15668
13405
24111
42034
43630
48546
12698
49665
10933
23415
49855
14535
38131
36539
36495
19459
15304
6009
45354
14690
41618
23387
38063
40642
10301
42237
19540
2358
36606
31341
48577
49097
35016
12566
18305
43638
32050
5876
44126
47699
29775
37174
14567
28701
12415
32867
25787
36200
24376
23887
17578
17235
40161
16561
9401
42164
9651
37088
9299
1254
29411
19222
18078
6551
24135
32518
36863
24049
16326
10840
30761
49118
17635
10463
32393
4936
9951
40595
45399
34050
17911
29069
35571
35110
14584
34588
22575
6896
33314
13545
48450
38716
38302
2455
28297
15157
15550
33575
14951
29551
7751
19987
35071
42685
41925
41399
34152
10747
14843
11652
49402
32763
34230
28450
22755
41718
5949
1079
4235
14894
36605
17177
27053
40268
24316
13115
44895
23161
49921
25890
14589
49610
10254
39202
43969
40006
6943
4685
37510
19890
10565
39842
38034
18312
30150
43335
10717
43252
11370
9797
4545
8216
861
10394
45196
36921
2222
24985
1353
15171
14284
5296
48946
28496
24680
23782
45121
47759
10554
39358
24475
18256
1702
35346
13232
7099
12146
38793
3247
40935
25551
24487
44517
33462
13285
30162
18265
16376
40848
27166
10392
12221
49380
5519
29325
45258
16316
35213
1348
36673
20038
30175
9592
1501
42189
24115
19204
35694
47543
35064
16485
40725
39711
5639
45788
38423
10852
38667
40
43651
22364
34313
10151
20037
32707
31888
19104
32026
42121
19871
27765
9435
28288
7794
26129
13491
48805
48184
17992
26041
23866
43048
30555
7748
28077
42938
10829
44745
34751
7952
23495
6647
48236
42344
15938
43900
19157
14966
37099
13413
15260
3287
32671
4126
921
31866
33040
49983
48861
38324
34885
42629
19110
6919
35676
10605
42088
9958
322
11156
48096
37128
39159
6373
22176
35987
35240
48433
28575
36012
47112
48237
35174
40459
23666
27239
4712
45882
28725
34035
254
928
10801
28436
48890
2258
46600
17327
44369
7752
43181
39914
37879
20552
15829
47161
20212
18544
46100
34744
9503
20654
9738
13957
8403
37722
28401
27782
45486
38204
8642
31173
37512
15184
6996
29763
36155
22226
8604
34952
42202
6140
48681
10644
21483
46937
13141
17581
47662
48787
47722
12790
17880
29206
25912
44254
9123
40889
29309
41511
14740
16158
30094
11488
39885
22857
49204
46828
48476
8706
3623
45605
22741
14218
8496
13311
2152
44902
12576
14120
3565
46752
46103
39511
24261
34732
17868
21121
29470
26827
46490
48605
40648
44350
5514
24795
29324
47661
6236
44875
2076
49662
32369
36032
25058
1660
26480
46835
14794
14455
36272
21551
48975
31505
43216
49058
42309
21375
24583
46368
39157
9550
12421
43455
7095
48982
31781
49744
12538
32687
49801
428
22068
24933
44513
30117
46554
5787
10770
36920
33066
33816
47664
26920
27510
23018
25879
1444
22316
15056
43736
23484
32730
4095
23152
12168
49248
32329
21629
43749
28767
10039
19822
45097
48130
4487
18710
25935
41588
18251
21220
30281
36907
27568
16743
28677
671
2555
3804
34080
19737
717
21082
17065
12769
21656
2411
29060
7019
28754
39898
9362
16533
26355
24983
12557
21871
40898
35891
1866
12391
12180
2688
32122
14270
12544
18979
48812
49191
18288
9671
13135
5343
4309
45509
30765
21434
48962
16496
48588
37623
40359
25439
4909
5886
40851
5128
11472
24324
30976
29900
19838
23917
17470
31316
12540
44755
39044
11884
11051
10287
599
16026
48831
6082
49089
35136
25756
34003
24221
21692
30926
20696
39785
163
7927
33725
40577
1032
31206
40049
18336
41365
17788
8934
29015
43146
30705
41755
10845
22522
13732
13873
35031
26067
4859
5393
49888
27376
35964
23687
31957
45548
17320
46320
24752
25310
48328
25558
35148
48443
1634
12799
29890
41749
30980
13854
16299
44132
43035
23656
1505
10844
49819
15436
13595
46217
6508
20909
18520
49261
16684
9358
5396
34814
40628
5569
19454
34153
30941
45165
14896
1127
24708
4798
3613
16518
11851
37813
42267
37658
44857
25819
31666
30770
8766
17894
43177
13563
41058
40157
43624
19289
10529
10441
12334
24039
35544
40046
25334
23635
40178
24594
45391
17909
25839
38481
12954
26984
18981
25086
1979
34212
6316
11213
18240
46091
26268
1758
9702
19381
38980
39201
21410
44335
40504
44890
35706
3089
48117
34664
45178
30043
11748
35802
17785
34029
2323
40451
23102
29314
40533
3012
49764
11178
9685
1215
48367
40978
21331
49072
47223
5084
27352
47839
2898
12522
48337
14674
47103
1471
13580
23877
19530
37275
37123
36901
45800
19199
20651
16991
38850
11767
4896
13042
45805
