32072
17488
34656
1763
27963
6562
44731
8204
27773
47476
927
36313
47015
6040
24164
24736
5160
3845
40928
30123
3018
35052
25377
44173
39790
16717
14710
8414
42004
1522
10110
2374
15925
11650
24235
49489
19521
29632
40665
48070
24741
4190
25604
44742
43091
40182
2783
8970
22309
46366
28958
25621
27577
38578
7581
46811
24271
46763
12241
17195
49544
24113
11368
36249
39972
45416
21073
31320
24084
10498
40809
1056
19815
9992
19489
1404
15570
44589
21070
30728
21516
19436
13473
26850
35553
3468
18065
38530
24535
49342
48963
31677
36405
35828
9960
11433
1672
42532
46841
48048
41926
13975
19669
42345
41054
25242
31296
46050
27828
20912
13254
22097
30859
14408
17285
5749
6524
28889
17897
30710
12996
1932
33456
43162
26845
19528
1894
31393
38887
20190
20670
20324
34864
30498
4737
35973
14822
29550
27989
4339
18040
41002
35272
23649
8959
28444
44619
46043
8255
9816
16359
48434
42286
29034
40130
11869
36776
11078
35429
13834
737
42177
25259
31241
39366
37167
44991
4464
17236
40520
19152
26064
32909
9351
2922
16340
46021
26705
21742
10197
17540
24409
35855
2767
32314
42329
47563
24668
37006
36101
26044
32769
24011
41965
36875
11613
18588
20560
46893
38821
6131
10438
15306
30495
28865
35989
29202
1177
40349
28691
767
22940
19611
17629
21822
4801
18718
22774
15845
45150
31726
38511
10928
40990
48492
48863
15126
25273
34986
29934
29760
4892
34178
16251
20826
5452
46984
46261
45107
25888
10093
24340
49206
40766
42684
11604
17432
42675
29441
48415
4818
8535
26703
16242
13967
17294
19125
37134
46134
19132
30333
14064
9605
30339
40856
26322
3538
2026
32743
34908
30619
38359
28338
3176
5255
14077
30090
34079
12362
29822
23728
33959
22633
33836
34720
23999
8104
29871
31324
47353
20407
21237
4336
46616
28419
13519
39559
49638
15179
8709
10972
29442
32179
25060
301
18379
19070
1484
27002
28991
15967
36834
13052
38127
17668
13129
47242
722
42457
47301
11145
26855
13193
14255
45466
25848
37597
19089
43794
29616
19989
30277
48379
25550
15269
44782
589
5903
14891
47589
21779
25874
49597
43398
217
23243
43779
37565
1801
28455
35347
37540
34511
25542
9752
41651
22569
36207
36027
18667
3787
15148
32199
19970
15012
8891
21226
13076
33272
17802
40867
11252
31859
49123
7378
46403
21110
36999
40048
23228
2622
4547
23947
35978
3541
42033
32856
27931
43354
37439
34777
30354
16801
19298
1623
36423
36081
11484
4108
