39475
30123
28989
49116
2103
7232
10699
15018
18715
27259
2022
4025
936
9529
3233
49354
37322
13642
36729
14963
40685
26635
2467
47880
4151
15544
38350
3193
30218
547
36848
26617
6103
13939
17037
8505
23736
18126
35035
2626
8893
14805
32391
37848
38754
33192
48372
32943
3687
48579
26683
47498
43178
5045
14932
33638
15251
18796
2222
4132
5480
4721
18807
13438
10198
18267
29650
3089
34415
22069
33585
5829
16609
24841
12565
46473
32542
41282
5042
20879
13510
23099
24547
45768
26507
30530
34476
37750
20721
43502
33341
49608
20835
10375
42400
14761
37166
41521
17478
194
3
24846
31414
5360
39988
22850
3121
46706
26183
3926
9253
17237
12682
38557
29839
10909
25096
37916
3543
21603
4305
7941
48201
26624
10657
44145
16619
11114
34972
24932
48959
23427
45473
24166
15647
39569
1567
30748
13025
23059
28918
2303
26059
27925
29530
30548
40497
33862
45913
10689
33628
12086
19170
15931
27199
26229
46047
33552
14755
26064
9774
23262
45653
14073
8262
15511
30431
24644
3577
6488
43555
36912
9411
20901
45710
25911
17643
2650
38021
43953
34796
9006
13484
29744
39812
20084
48266
23286
35677
47594
7484
808
44501
8811
31307
19859
31702
14928
47552
31337
2529
32242
47600
7921
28586
30863
301
5658
33869
9761
35273
17975
8761
5831
21769
612
1869
41181
42109
28197
22487
43709
33775
4687
14593
16092
9509
37605
17304
29093
37748
41979
24805
46532
25361
12529
9779
23978
14357
9491
2199
26268
42157
49607
44541
39210
27610
26027
46986
44717
42419
42834
10718
13378
35972
11143
49318
4165
2515
35375
7503
16505
22957
36303
26756
22920
20627
31280
23666
41902
39170
29768
11983
23327
21092
34786
24350
6089
14026
32989
16064
1946
21433
48403
27136
10433
36518
14986
1825
23547
1387
43926
21687
29295
7748
45895
10782
16960
29168
46960
16596
22067
22240
40580
35262
19898
10370
43258
9129
4049
1639
43013
49196
11760
45012
15079
44284
16409
3240
3407
29544
31068
39290
9737
31762
1183
185
20016
8700
25476
34649
9475
8718
25280
8449
42903
5190
31037
49238
20187
5746
24146
17438
17040
18554
8835
4990
29471
417
15481
27994
43964
33443
34781
31416
3656
47754
38564
39767
25829
8372
17073
26581
5630
39378
10125
29428
26979
14414
39023
7678
29746
24103
17498
11689
38069
11591
4149
21607
41730
30781
19550
10733
20638
10475
44892
22545
18544
43863
46220
16061
43219
36762
11319
16861
49186
9599
22635
7445
16285
6640
