37261
45127
3238
42416
46919
30713
47765
7661
11696
14301
8897
24108
45238
10598
10062
46002
19272
22511
43856
32096
7711
20443
35831
33853
40354
11699
11300
41498
25588
44993
10627
18258
17366
10873
21092
40603
4033
29350
48713
40639
45181
49285
22002
38116
14722
45202
44617
28998
3266
12103
6021
7532
33663
22380
11609
26190
21524
42651
46175
24827
26671
35703
45801
8163
8980
12442
45049
43698
8631
989
33762
39859
5009
1856
6663
21482
37148
34966
44766
9206
40650
3277
39018
32926
20553
15771
41207
25091
47461
23667
31184
26665
2852
15964
10612
47329
24792
21733
7679
12787
23076
5531
46588
33919
34699
44906
35032
8961
48711
34974
43884
32453
22296
5001
4768
3384
575
47571
13443
25969
47553
23491
4688
36165
19918
36780
40383
30463
14313
49509
2933
12215
3080
33626
15492
47225
2557
5564
18834
30739
4674
6855
30563
23815
35961
14697
1977
37860
17365
41938
21826
34825
43839
29349
34302
2832
1621
13604
10322
8510
5385
30412
42065
46
16797
32118
37271
45110
37007
26030
28458
11711
26484
23473
16076
4901
49164
41982
4563
31979
33892
27353
23271
37666
14076
811
26047
43043
26000
33870
11418
3402
47351
22350
24300
31304
96
234
45459
31504
42273
22290
27124
37462
27297
40670
41813
3318
7663
19757
23176
1778
6479
22401
31388
15790
32832
25362
43166
13666
48905
43978
25071
16219
4996
43608
47987
41214
33556
36532
13538
45621
13035
9483
366
17484
22367
12082
30066
24365
35245
12107
41811
40237
43062
43765
22001
13939
2720
44841
29374
34014
10743
27690
18869
39480
13772
1791
46124
3662
1406
17632
36424
3109
41690
49720
19461
23638
429
18007
7888
47217
17084
1644
14406
27636
45445
29776
4544
39425
8118
5961
46882
14230
28931
21093
37668
17515
32211
23775
12129
43249
36464
31404
40586
37098
47057
4125
2781
42402
13463
38006
10853
6403
28111
32333
31921
37074
30598
30429
7415
37334
34925
46907
45670
41272
30219
35288
40271
5008
46520
8595
10398
10335
26079
44616
41188
3659
20964
41637
43909
24392
46805
11510
37743
28343
2211
47988
41133
17949
33520
33129
40360
8630
21642
36885
37448
33081
47211
20997
45544
9924
39022
46170
17550
15520
32941
29718
17055
36359
8730
13483
7175
7655
27078
36514
29090
15913
3258
20524
20243
46948
26580
49371
29885
49715
31592
35293
10828
28172
35710
21663
29923
49916
36670
22067
8765
21917
15349
9527
19004
14923
36628
603
5401
2495
47437
42326
34427
10974
267
48638
10021
44723
14824
24112
18204
21333
21350
15640
21018
44970
32907
4489
42325
23647
6312
47588
35653
21693
46183
14040
3292
19015
22345
30413
29544
38184
29665
45720
35119
22356
22862
25090
12350
1920
31153
7173
15546
2504
3826
25186
5577
40190
35804
10768
47402
44331
42604
25035
5017
33824
35349
30847
4727
45385
23808
20390
45498
21335
15648
11850
36303
42749
34268
6250
10032
40019
15559
13985
26952
25209
19013
7703
16796
2393
20095
26112
29513
12148
34984
119
12749
46441
35864
26803
17318
45206
13960
19791
49896
11008
19569
29942
30910
44495
3823
49103
3240
45435
42050
46800
15334
46280
9208
16108
49990
18836
49227
15216
8614
5109
19730
18503
43510
39596
37980
4194
21466
46267
60
48586
28987
40139
18829
31918
42906
39512
24932
23345
45905
16861
3513
24146
48997
31705
31571
30650
982
32883
422
38273
8666
47550
6589
35384
35719
18705
9873
42455
34851
24938
5044
49829
7081
26362
3128
17167
3227
32696
17057
33825
30639
40420
45056
17331
21641
49005
9398
28616
20751
