28376
38364
33387
32574
31126
9801
3653
43246
33741
17891
39407
36547
47562
41395
12481
21503
21027
33876
34145
26792
16610
23681
2661
38394
25161
41716
27955
44445
39391
32273
23258
21148
32116
13289
23123
4067
8941
29949
20047
5316
5258
45111
20468
45465
33253
1203
16591
35812
32242
43049
27403
30685
47608
7563
46482
43716
18362
23835
26496
28967
41153
25618
24043
10802
27554
6483
14907
4407
29825
44306
27606
42699
17559
133
43840
13404
34533
22150
8135
25931
26922
26818
43939
29119
24629
40787
29284
15377
43217
34161
3871
40664
47537
10317
2407
20414
1607
20772
5204
42399
43126
41715
38558
17507
975
43111
17442
46251
35456
5892
38540
7680
18599
40034
45991
21763
29698
47487
24302
35960
298
22942
30116
24062
35121
6381
2637
6071
13362
32899
6677
31570
42649
13469
37574
14686
44444
14544
11208
47645
36456
29789
3491
2196
8338
28855
38019
44476
9325
10805
8531
37435
32848
10655
40546
26859
39436
32197
29598
23528
3005
10289
40649
22510
47067
31692
8985
1846
31273
34078
3231
2257
27747
11747
36750
18354
34508
29772
46700
28365
40825
35655
11623
28578
8420
26651
42239
35094
18322
1999
39326
507
439
11756
23207
37654
22820
4472
9870
8361
35952
23564
24524
15832
30813
420
36356
20953
10465
39792
46681
9613
39689
48366
13174
33354
40946
65
46954
28703
21317
31720
49256
29571
5731
36352
32243
38371
5535
36541
21348
43584
22524
19017
45067
35191
18321
48099
20820
7127
6124
31912
16799
32871
38918
19482
726
17577
17179
43125
26540
11247
31995
46421
15678
22075
39238
47107
40742
26686
24061
9937
29908
31584
4377
40341
27298
30433
14456
37404
28129
34440
39020
14482
44136
30848
17410
43715
10776
42079
24756
17156
22658
42558
43141
