46528
48142
8642
34615
35162
22492
40279
10938
21960
37696
22467
31777
16757
6299
38558
14136
28338
44407
10752
43510
4577
12067
34154
19535
49572
13166
2486
19991
41120
9028
28219
46162
24576
37587
25604
36866
48318
44456
9751
37984
47304
14174
17043
45408
17371
35986
46509
18054
49323
503
16737
2835
12921
47806
22764
34933
16405
1383
28523
33624
46786
21432
48661
29992
33653
14512
1697
22489
16695
30228
21844
869
42461
42318
12192
10557
16518
18727
21983
32424
48989
12164
20055
48392
29456
39572
19641
13913
44596
6431
39993
27086
16253
46076
18280
32666
30025
47316
15877
12001
17003
41059
24489
4865
24086
34535
19374
44471
19757
7749
37100
32035
43455
36526
22984
42702
2095
37472
40387
11905
7750
29463
36314
33038
35879
23221
33668
6129
43386
6906
38882
48270
20680
45474
48982
3582
12317
48921
3372
23601
14578
4934
35750
40235
4456
4608
22204
39994
11617
4501
5704
30992
46900
47049
43496
29690
22703
41323
32613
14067
27849
3865
26591
47262
33296
13254
41697
23369
33715
8585
45790
29882
42841
27426
31513
16157
15296
14163
38065
36022
3304
7461
36911
23258
25493
981
6741
32253
46741
44366
42643
34201
10881
44312
27256
32162
26250
41170
34994
31871
23382
35923
49805
42095
45488
15463
46732
22208
8451
2089
34424
43696
6260
45668
7422
35968
20580
7294
42923
46992
27440
20265
26182
49569
10420
49648
34296
41855
32966
23866
9749
45360
24955
35594
19183
49005
26606
37315
35048
18976
33769
13551
36086
48873
23732
39393
31634
5670
22662
7427
21123
21557
14783
3092
17989
21213
12363
34046
46006
24348
48187
11365
27826
43064
33053
15925
41512
42008
9581
7856
789
37225
8905
24344
22601
11939
10937
19427
38009
5350
13440
14206
1930
21662
49974
2747
16268
42456
44465
1570
35833
21988
3203
32459
19650
17224
32013
15574
42052
26161
4169
46424
39524
12099
821
34546
10916
15714
9631
17368
2493
11904
23351
49226
8075
30984
13859
22194
33342
5808
31210
21877
44550
24618
7621
6603
31457
16020
32983
22243
30495
40680
21927
38813
43846
13056
25376
25082
38341
43446
5909
1956
12674
9986
14799
32984
32287
15011
47189
39707
33485
38082
27991
24588
19394
29948
49688
8142
21949
14632
20072
2017
36399
42262
20984
16286
39050
45125
38165
21276
32051
3788
6183
41418
22779
44802
27111
37680
26720
49689
35200
48943
1830
49645
41406
11649
6964
30227
20260
26076
20792
26155
3633
17925
24514
45939
14445
49988
29370
30727
40409
37945
4853
18857
40085
27820
21758
28466
43557
17150
4607
42968
45719
34622
44126
18083
34912
40789
26376
11908
3423
22751
34141
29574
22334
25119
803
23085
39834
9852
19169
15939
14575
33047
