8702
13385
5331
27482
44288
29069
35320
11559
35015
39878
43469
5685
18680
47795
30106
4039
13012
46450
38483
3162
33214
6590
49966
37974
30738
4188
47741
7887
19652
37057
23695
20079
11029
38213
44619
1754
4736
36589
46908
23319
47984
22464
47809
43313
38016
45691
38647
46969
40557
41669
19765
24970
4558
23147
31892
25938
2129
39018
41743
6401
24047
7861
14071
5858
47680
8641
25395
4040
16309
31203
28891
36559
585
3806
26185
22339
5055
36581
330
22668
27775
15841
20332
27303
257
34162
25371
19188
7243
30325
46663
7423
1213
40199
6391
15045
42856
32158
2289
17760
18151
13655
2379
43527
6338
9427
36501
19767
26592
16242
16120
29533
30841
15881
32686
45051
7547
333
32964
29493
8904
28665
8719
1789
42411
765
12845
22382
5710
2159
22561
43376
10117
22224
44180
29686
48034
32590
48171
30051
48583
2429
17876
33900
23368
42543
9733
22786
41782
8201
49212
37276
21018
14044
39700
25534
41271
40255
45316
9644
5062
37383
9744
1027
17972
9440
10727
39493
28103
45247
40293
18927
27974
44153
13803
8884
33075
22643
46391
42993
9296
25378
23753
19606
28345
18415
19217
45312
7770
17766
19783
31072
37571
9567
13485
11408
47903
24796
29454
39637
26565
42653
29491
15431
31476
2448
35217
22826
28574
35325
15499
32030
3812
26587
14196
23275
16233
31691
7189
4499
43975
6643
41618
13151
5689
36541
4603
39042
43569
18199
47183
28162
40061
18546
723
19723
45548
47954
15624
12132
24649
15507
44033
28174
41060
20981
6278
17082
43042
12994
35975
46811
7029
38324
4037
49269
18782
31795
18176
45141
5571
38077
13357
48615
92
7245
46029
10154
41111
25893
41109
3605
42542
23268
41373
38159
35756
33693
39672
36958
28076
13963
35224
23154
8114
3932
13223
21706
21577
49451
10284
46802
35079
6485
21948
41054
23306
34884
9075
21638
8701
14666
33400
38306
43465
6412
18815
40099
30876
48075
37238
11505
48922
2916
33333
11486
12196
48774
19666
24761
14427
12836
47214
18373
36076
24599
13861
14816
10094
36788
13557
14713
24024
30763
39704
41400
22304
6293
47875
30561
19559
6822
6745
6930
28164
48702
32806
33371
31788
10133
481
40658
8334
21472
20756
28068
35812
12709
43486
25696
11726
17166
13934
9711
18376
3148
9874
15723
48388
8251
42042
20915
46677
38648
24897
28237
5627
6905
7195
30021
19030
42963
19739
34511
21010
35680
12408
3933
42253
47685
34518
33006
43120
23430
21263
39751
8106
40317
6093
21972
1875
5367
32757
17019
7460
21098
22346
39137
40220
24619
42016
3084
18835
35860
284
17496
4235
16720
28425
20279
47477
11810
34804
101
49521
46964
8805
3796
5410
33476
46854
47179
32248
