30493
46762
36910
42543
46664
18663
18230
6615
16935
44280
31908
38817
9682
13401
17986
23724
34194
23305
21244
20761
30181
7393
36111
2641
13240
49477
33049
12045
7235
2773
43262
25593
35051
44259
26721
6141
951
17317
4109
9474
9340
44465
48284
25095
3976
17769
23762
22139
92
42054
42613
17273
6202
37287
2841
10346
26293
19426
2371
34936
4720
23548
15842
45386
2281
26051
21155
33071
39386
6001
11849
5753
8039
6058
24243
43371
24161
9864
13372
37665
34487
34460
10220
7646
46364
47758
23334
22646
6310
41311
36753
33588
19560
21688
43452
3304
40095
11664
4113
778
37662
9866
49043
37470
19666
31949
9968
11962
26245
40030
31518
10729
42081
23514
15053
28413
25684
13364
44677
42253
29156
34903
19544
37852
11729
16436
36215
46245
14931
18550
13055
44746
49376
18831
47262
35465
34623
11250
33687
39743
22898
5198
32374
21193
45811
18714
5698
2588
48543
26811
41424
21177
7449
35105
32798
39568
19468
23217
24446
26428
18068
1192
8727
30205
18977
12061
29863
22363
26937
32337
20509
46640
47910
34627
48564
20566
30464
38636
31063
23002
40644
27560
5172
21381
40363
16051
15547
10576
22991
45656
7067
48240
48677
18685
30785
10751
40308
5112
14738
21526
22377
30905
24528
29660
23235
45515
11562
40329
12581
12443
33315
6650
19312
34244
49187
9835
5529
19913
41834
49908
30655
38717
3558
26206
22258
10836
16306
34934
4029
43809
48739
29605
39521
20848
10783
17198
27549
13128
1699
32491
8932
14585
31390
24796
25533
49560
30502
10572
8365
9521
22946
41085
6978
9872
13630
37363
41193
34105
10264
34395
37679
45842
23654
11691
38393
39765
38241
30440
2947
41598
37575
29730
27574
1532
3142
18613
37348
45968
18862
45526
31499
29553
8383
48025
27578
10265
2768
47623
48395
48166
21962
6893
25990
13890
37819
17838
1943
16643
28989
33467
47204
2161
48576
49643
13021
26294
38734
17342
41089
20066
12841
14288
4530
25331
12951
46135
2315
23680
32449
5047
16876
22208
36126
6632
20758
14555
3354
27805
2853
44433
4063
46751
17109
22266
10003
46744
30484
23694
44610
48457
24306
40778
25297
9604
13618
45026
45057
30447
37896
138
1434
17923
1983
32471
45532
1716
381
5990
39943
24657
29805
19055
17652
40806
42725
4919
30044
9795
30940
29529
28966
35762
40924
39839
43416
20487
15673
23930
40880
38024
46399
34932
44110
23972
36008
30118
31094
26405
41077
4507
14662
8246
17158
8316
3762
25552
49263
22041
34498
36468
38247
44982
1242
2372
19075
9558
13411
23673
29787
23251
19103
4498
47808
44548
44621
3357
41136
44234
41067
47525
40744
19729
12966
23475
40410
5498
23733
38661
6746
12995
4008
24242
40070
39882
27646
41826
6857
32733
25826
2068
14388
32001
10501
47850
14197
6871
35127
36062
15338
34329
41065
20611
43384
47128
15743
29708
46206
47856
37144
23456
4756
34047
21198
9556
35219
4138
34261
20770
45740
16283
39999
30061
9643
35024
34469
45929
13632
5121
3064
2173
41523
26603
41970
44528
28340
28143
612
42052
4431
30256
6837
7009
14879
40145
802
4241
31549
39474
23031
43523
7855
48324
39675
24586
545
45753
43929
461
45068
42905
43755
4633
46572
39533
18366
15499
33621
22015
14874
22909
2938
13445
35876
12149
28751
11509
28996
19511
3415
36074
2657
26907
23457
22480
23280
36210
21965
9209
35451
28867
31741
22121
37205
45214
31396
1938
29621
2262
24526
36804
40350
8189
19641
34802
3850
44678
2801
29586
9593
8762
8848
47897
25379
7799
4396
44563
11660
1010
21178
6954
47843
20755
22812
21615
27474
38803
14247
33476
24655
31326
35739
27154
13914
743
40865
38068
41285
34810
10525
33380
30829
29572
27106
35340
21975
16693
44523
46814
13091
23003
1756
42841
8597
37491
42910
46720
2826
43996
1953
23118
33943
9220
22188
27117
26088
30803
48537
16922
2861
13183
41976
2891
32765
39789
30134
40392
33535
29591
19711
46559
47328
10072
1899
46199
256
8079
21836
30873
2965
23620
20180
4476
45575
25675
3737
31882
27412
38050
37902
2329
35311
17103
30182
48678
37557
44705
70
16574
3833
44078
48094
15909
17834
25240
40886
7571
13689
4616
23880
29458
7406
32814
30164
4554
10325
29049
27933
14669
30984
49375
10823
17449
14838
28580
1855
23462
15659
24740
14688
34561
22922
38837
4153
5417
6980
21436
5263
49165
38608
45377
36109
25814
17356
9621
22719
39283
7432
8697
30149
12260
15609
24905
40163
27998
22476
19209
38351
39214
14376
