111
46336
49217
1596
42589
14211
43033
43361
10793
37344
5616
7545
23725
10449
36205
34171
37712
47506
19607
41335
25831
22624
25282
46760
9654
42924
6133
17767
18700
14140
6513
11674
15092
49017
39826
17170
3385
1194
33090
41438
10129
25232
29704
3724
11105
38741
37237
32300
39845
19203
9076
43775
13415
32110
19609
25793
35422
39915
19853
3876
35671
25892
458
32515
28938
24973
31531
19543
19560
41640
9239
13793
46909
46317
2968
32698
6835
20619
18718
26582
43620
21341
5870
32564
40811
40240
10263
23443
16362
42893
21316
28500
35823
11970
4847
3804
11801
27692
23703
38260
35016
19441
2011
35949
2344
33914
19388
12879
16779
38529
28800
21229
44374
31026
40419
20077
45838
3596
2391
4864
24093
40248
27201
22232
20130
16833
19148
45168
36419
48545
30853
49651
744
40076
49299
14682
19538
19751
18303
15194
8551
14527
35973
48858
25747
13970
27209
26884
21856
19286
33733
38394
25991
6009
27665
23038
32960
45925
26651
10751
25437
18254
1935
49469
35464
28178
45702
6282
7589
11918
20820
45036
4899
26481
26563
17442
37051
37441
27577
42428
35054
36998
25795
15003
36254
16462
5380
25922
38456
12689
46488
8874
49490
11652
23982
48861
44121
2301
5012
28414
36947
2693
46889
18588
49179
44195
46578
28215
30761
39996
1469
37336
47568
22065
29347
22706
16836
42584
18251
38186
31561
43544
31336
24795
27634
28097
8295
42909
35691
1833
26372
3486
12268
3969
14381
7582
38355
8424
36764
17683
45231
40450
5026
43377
219
41969
12201
43566
5955
12740
41403
39882
10035
34662
6555
2192
36119
8323
29877
22409
9543
32418
29971
32172
12580
48944
16323
18137
18536
28867
37979
40443
3549
6646
24541
41532
24351
9056
32692
32518
20867
17439
33888
19061
48923
16681
45297
7829
2108
29087
44396
47446
43674
34638
30210
6857
21471
16160
4004
22356
30371
35956
26188
8095
8414
48436
49120
9020
26462
16424
45606
2274
34127
9039
7068
36623
11149
49879
23329
30655
41800
46387
7527
2463
40017
34757
39245
27168
22853
45987
2483
32523
35106
21228
10468
22004
18833
41022
21663
34184
22321
14219
10046
45259
11479
42317
9535
9822
49763
42187
5744
32192
16338
29636
42514
1646
42296
23743
3628
19401
13323
42020
39660
13095
11550
46694
25937
32342
23575
45962
40644
19638
3676
1757
42309
1278
8023
35067
44202
2696
49858
1459
12378
1861
34237
47086
19539
45129
27159
7330
39727
46052
16091
32321
47582
44186
49189
17148
12380
21925
5176
7147
29319
13944
39571
41119
1008
9917
35611
10702
21957
7489
17913
22604
6580
3847
554
34601
