32101
43
43466
19153
26816
26469
25479
9879
22540
11312
17067
7418
46794
42772
27214
36072
3835
26766
44571
14648
40327
12480
49706
19998
14650
396
23862
22268
49649
36190
41908
7132
9951
48049
48355
36037
24349
20258
44077
26396
20754
21697
36989
25557
2975
2282
32377
16706
32684
31390
19254
3579
26900
47464
23532
27049
20714
24882
49009
36409
11916
23727
47760
25667
9919
7024
42072
23089
39178
3584
39897
6038
26830
26517
18211
7130
29977
7777
1764
36669
34394
34904
25673
13973
34308
2061
23461
25602
15476
25294
39121
34331
18634
36002
20994
27733
49258
30200
35959
49177
3648
44235
39693
23634
18940
29669
12593
30418
34263
40345
3455
31196
15364
34497
20222
17874
17187
34838
44028
13349
30591
48124
9346
7019
38017
19868
15114
5709
26815
42197
10935
22410
30540
26608
13034
27251
29257
42264
14550
7159
49890
49513
46211
18019
39529
46736
46644
4553
43092
21910
14442
42170
21772
46419
28025
47555
38148
37606
9161
6986
7987
5405
44756
31529
3314
38435
37683
3291
21657
16980
25276
13900
4635
37318
36467
22681
36289
34744
39682
10644
32751
46353
6831
44942
47850
13453
42802
16640
26727
25440
10742
26939
26823
12528
23576
19931
42847
9533
42369
38860
17146
19214
4726
3844
9408
9665
8071
2194
18923
48194
16746
25967
17764
17896
29820
37118
37782
6189
18284
33365
34618
16835
2743
10047
28956
12179
25763
23474
13365
13076
4813
9430
28061
45866
28959
7011
36148
25973
16683
34351
1473
39154
23952
5956
26178
21980
34603
34133
38995
24888
3559
47512
35957
28644
25064
47255
43234
37664
25032
16480
30262
30107
16179
2377
33865
37576
18406
30633
16633
6728
20887
20083
34483
47874
41770
23951
27713
15015
44987
33783
7766
8217
48567
3705
11540
37619
3585
49626
25073
10517
22977
13962
23281
38117
43659
39270
28930
48735
11871
2115
38222
41763
40648
27516
10314
17135
45495
6034
30897
23517
16
10471
35830
22904
9064
14417
20286
23895
47203
42474
32150
43400
23802
9262
43440
15915
16191
1148
39453
46069
29563
4794
9730
45096
8517
12482
24625
46167
37769
25020
11255
24911
4333
20737
36315
34188
35420
15526
42879
25909
3122
23735
31079
10326
34636
46623
29423
2868
32240
34968
23907
19727
21835
24711
30382
48089
41082
18397
23296
32607
31968
19665
38885
32644
32864
29783
38122
32457
7239
8394
11956
34952
30249
8325
24054
19453
19378
5528
16610
36631
7740
45745
25398
39753
10443
46358
16708
41547
7908
4038
10022
6421
42751
42277
19835
6117
3363
22810
10201
2257
17382
36337
14792
5468
7898
26630
6593
14600
39926
3622
35552
20772
3335
18612
12976
17758
17517
1659
49068
34334
9568
10108
15168
4034
25054
31111
39326
23748
44604
39010
10671
1826
23755
25708
11195
47157
21694
31947
2187
6692
21550
21947
22686
28724
11800
27958
38416
42569
13637
40603
6592
26126
16507
37558
17505
32169
12724
12076
10497
294
33290
44490
29550
40767
45956
29233
7440
11338
37339
25567
40209
21327
40262
18573
21580
44583
31138
3390
21078
9640
21354
45167
18134
49117
21888
948
878
29337
48586
15244
30580
18897
22514
20525
49187
3141
6352
27614
16398
46639
9260
38391
34500
28504
40763
5781
18543
5557
33024
1456
31482
