2335
33092
42124
44323
6529
6043
33016
35873
42547
22687
34446
6072
22816
44614
44525
32458
26676
23533
33051
49296
22135
38543
14939
48055
588
29398
42371
45865
9893
35339
8288
22261
32845
44028
43673
31091
32224
24713
33735
19421
16059
19040
38378
31792
7302
33734
1610
45415
34746
7947
11978
31516
845
28669
29638
2833
24189
33357
18799
11331
3011
34133
20148
9204
29352
18260
18840
4828
6439
46678
18515
13782
19023
9234
7763
38128
46854
10971
1939
32335
33215
31698
35218
27409
17885
19045
21302
39685
41567
16809
48213
27107
1666
8077
17450
47881
5825
23008
21130
28999
6035
39387
33748
6459
25258
18483
28341
25601
39115
3331
39930
20306
244
7884
18665
48973
20466
12372
21650
15469
3532
12626
38496
14635
37539
19443
7511
40818
15810
23115
8450
46360
47320
7043
31111
26659
39223
32864
288
2432
15336
13252
3924
1470
16766
4981
43081
43869
17532
19432
48119
46780
13334
19463
42618
35738
20710
24114
15384
19873
25261
6921
21257
31521
4477
14755
48468
7715
37304
39265
1072
10731
27798
11341
38262
30583
21470
28449
46947
27420
40214
37807
4971
16313
3812
42831
23131
12629
7688
13687
20588
3881
9304
11508
23364
28240
32555
32482
42504
41861
22911
12059
49608
32751
18382
47613
19608
35657
467
47763
33173
42825
39906
6733
43878
23702
7561
10176
19886
5093
38058
22501
36223
11160
27939
44876
20943
36496
20101
29523
10428
49469
31875
19618
40804
44225
22439
29626
42891
37881
41552
37530
10996
43460
5436
38632
19147
37764
21531
24138
34839
43693
46757
38547
17460
11354
35649
17549
46264
29403
21949
20600
38801
34174
24000
27959
807
36365
37356
18329
27792
107
42165
3808
8117
40711
27167
6105
25685
18940
30346
10214
41517
16880
36278
49501
6182
30653
13670
822
33422
12897
49298
43317
27028
24899
3907
134
36809
5085
10897
46488
31938
10372
46939
43493
45447
23706
31021
12632
26347
7901
24354
34919
24229
9595
42159
21884
34069
31380
45681
39536
36774
46941
2431
1639
41492
47760
6362
26465
19465
19378
44343
23201
33414
13651
16726
16142
39421
26726
2283
7972
2447
44430
1077
38718
2456
37790
33377
10843
10196
16909
31381
15517
35377
31983
48296
1708
47480
41499
41772
48794
39909
442
40408
23791
8537
28158
936
22144
39692
16211
44221
45223
12771
9510
15563
42245
23670
25177
20195
37047
21385
32251
27537
40415
26127
20469
36941
37964
44803
18636
30986
37329
11444
21060
36138
45630
1790
4976
39229
41128
16862
19810
1627
38740
43655
15188
40365
4457
21321
6016
11407
38865
25025
5357
