32266
45951
4767
44392
1814
26293
29336
38211
24283
37713
3595
4267
28924
18594
19420
8412
38952
17102
47357
13575
38767
20362
9932
38469
26148
47901
14306
27831
7416
45323
34827
42081
764
8012
4000
3078
49702
16573
49666
48166
17230
3405
18601
13074
37615
7746
19993
43381
21828
635
21310
43801
43901
32129
2542
24139
42513
28008
32285
49656
9839
16844
18294
13160
43477
6056
4446
8959
49412
38535
22725
972
9899
19275
25414
11342
24152
36948
49900
837
24823
15701
40641
24875
46017
13027
10479
661
12337
32356
47661
44635
37983
40227
33031
8530
49111
7354
32595
8232
4733
31246
32837
10648
39694
5133
36688
33184
775
43609
2462
3807
17605
38375
23777
43023
1142
8986
34726
4345
24592
38787
8384
31773
413
21049
37936
12892
3164
32010
1535
44561
10945
10305
32861
46759
10960
32576
23781
15942
32225
44799
9434
19798
7525
26909
14917
1940
49535
45950
44904
19307
30416
31157
7143
43970
28643
16352
25584
27393
12553
25235
48780
36579
58
42154
18426
25615
3026
21266
38453
27345
29144
34062
28245
1656
606
22340
24132
6157
6025
34868
36413
2691
47567
38942
17877
4436
38524
35472
39648
13937
22974
34923
48624
46657
34701
26995
7969
46733
10144
30775
8604
49723
41672
18186
49054
5954
30931
17322
22418
29802
3322
6748
42117
4156
44142
18593
27600
3768
23654
38679
8588
11631
47088
30680
42850
41040
49191
5836
38255
28730
28003
49829
17487
30776
7167
28188
34016
46127
40320
48665
41390
46538
17977
27030
10182
26070
29706
759
25283
9698
25456
49286
25688
16466
16150
13113
616
522
4093
35930
45269
2214
33409
21802
17110
11704
33719
40567
36296
47187
10541
6500
17181
38332
13994
8312
11100
41225
1481
26975
16704
17740
11900
42938
15301
35778
11121
49140
20622
27020
26030
20014
28617
34048
23782
24623
43045
4399
36638
4355
29613
32299
14800
3234
7783
15589
25750
6190
39687
233
30920
10949
7394
10069
28795
13811
44244
16156
40801
513
1010
13730
32102
24426
6011
22767
46425
21492
32804
14226
32258
27133
13188
460
21625
24630
12706
44004
6373
21449
37460
29867
46635
12670
32939
21147
21436
36629
35764
3576
25949
23959
21150
38031
4017
46581
42646
17783
8238
44390
37452
41346
37122
31545
37301
37087
2215
31012
43345
5489
48935
22831
18451
12712
25760
6665
37065
47137
19023
900
45007
28887
8344
19365
19193
22084
15403
10790
20442
38418
46514
41038
17821
27037
26156
15188
17923
1274
16867
37319
25072
46303
19966
4370
18972
