48195
17245
706
34107
38762
26858
44490
5027
25051
15824
14649
23746
791
3253
35274
4786
22645
20684
12811
21478
12212
14266
27344
19867
47750
30680
540
26256
13953
38390
33721
44055
15480
43812
20183
45737
14828
41797
38109
26728
12659
19789
5806
9088
6485
20284
46798
30552
16432
33844
16012
17906
12670
25871
18452
39433
15153
39862
48566
47045
24780
13710
2271
24917
15332
9439
10904
22586
45338
24158
12689
7334
20867
15797
47743
6512
15591
33
7673
8563
364
46430
13079
19859
30325
42113
26384
39724
30578
3170
6559
25144
36265
42084
47747
32532
7797
20416
13315
30499
32740
38507
23910
47130
37139
42335
14165
354
21777
44674
5341
34887
2139
44448
13622
20281
9800
23863
10300
5168
42434
28225
25571
33334
19254
8771
18024
19677
14399
43051
39546
42028
2453
9403
27446
16149
36477
9720
39992
3071
1566
22355
15524
10012
10917
16785
6809
3989
12596
20297
10654
12651
5859
19011
6085
3401
36389
24580
16445
32397
35269
32121
43816
26099
42728
13663
19975
21541
40722
19484
33830
4513
13599
39565
16249
18165
3215
16292
24784
6975
43887
44482
16198
28952
44047
12449
32425
43389
9275
787
35134
11450
41390
15892
6266
12609
35101
3124
