46828
33229
35027
48326
32077
8923
21451
3498
8513
31575
16329
48452
6281
43036
21629
15719
8858
8896
31643
8807
46812
4719
11191
6861
247
32152
30728
9135
118
36544
11455
21195
26710
39192
1598
9954
43673
32365
16369
18669
41884
18394
42074
8993
27847
36051
21057
310
33972
15313
16688
9870
45065
17746
24951
39497
523
17526
16374
13806
16531
27875
19234
28411
29332
4406
27647
19098
42307
8362
49883
44509
23844
39595
40054
5964
20907
3150
30789
34047
12895
32887
10799
4287
27494
39864
32144
34390
19904
29108
22372
25226
16897
41654
9525
30993
32341
13820
32244
28100
35204
47062
18216
15479
27420
36962
35326
12253
29959
35049
43035
43227
35412
24640
445
39612
11254
19469
20491
40833
32204
46323
13896
5861
36801
29964
20310
7115
46030
35907
22160
24528
6610
43322
13758
12443
47388
32280
34380
9128
49673
9264
3603
8623
12742
27276
41304
21609
19348
20210
21713
10558
35410
8504
20803
9508
22336
36532
14048
35538
29420
31625
3545
36042
43272
17859
12387
26115
45839
8655
10227
17534
8360
34132
19137
4654
24407
23544
14891
19569
44056
13841
11986
19350
12928
43056
44848
27753
17483
19013
30
2685
48377
2110
2531
14638
28208
35395
32797
23036
16378
7540
12631
12897
13559
4604
38116
36742
22941
8586
42675
35777
30124
24762
18488
47757
49639
35187
47907
34722
17868
36451
11082
42574
12391
1256
35435
27275
9213
1778
22975
41476
10550
38728
11619
47422
19074
17075
45328
18282
5624
993
443
15263
4876
29130
43215
13387
37573
40055
9312
5779
13657
49123
10376
33070
47791
44452
38038
47231
2634
5255
10974
8747
39761
12302
24447
31655
43588
46631
19172
7087
16807
32552
25490
30615
7025
18025
21392
13127
9116
24045
6228
32014
43243
24730
15620
25211
29362
48013
11719
18225
9244
47455
39647
11659
37491
29143
6131
21905
25245
16045
15238
42083
35570
347
14910
31204
21531
13965
32768
38100
22123
37841
25443
38612
15522
42441
24378
19809
18190
29748
2111
13278
21464
37416
9095
17694
8634
39246
2405
8030
25014
42096
14064
19122
45162
34143
16320
13129
47177
40438
4237
43176
8042
29225
2690
20570
7133
27935
40594
12908
4217
28427
9299
17193
14551
3952
5375
1944
48144
13087
17163
9901
37341
1255
19395
2142
37157
13626
40280
31283
2643
21946
28798
19051
32850
34659
46557
10203
3765
17675
31306
617
41287
24257
20600
34342
13725
49716
39306
25823
10332
36682
46233
27287
48886
20552
4483
15892
41405
18067
37028
2788
37678
4764
13154
43146
40778
23186
27431
3272
9834
42144
10582
