49909
49967
43540
25730
42774
3980
4895
47639
18013
20756
23838
46976
21829
7670
18092
15474
7336
36526
40065
12585
46634
24329
30068
39342
41251
43743
8543
48329
2732
20786
39834
40239
2496
26600
16430
46599
36740
42066
3588
40352
17291
5484
37029
13708
25079
7472
5415
28951
9243
12210
47494
15922
2812
36767
43334
15943
8789
41226
1128
30467
6605
42626
35523
30444
38416
16951
16520
27968
24608
1413
37147
18011
32395
31608
44389
36075
47828
8483
2219
41348
16328
23508
24843
16742
49588
27851
48722
41882
34717
27910
41123
22514
21613
30385
29838
38178
35718
27129
40574
48595
16379
33668
27652
15312
47815
20708
15803
28290
11359
9822
11029
25243
49287
41327
13598
2989
29493
9767
30641
45759
2226
341
42349
44034
36421
49369
36839
21767
21455
19857
36922
6194
25769
12072
24937
42952
38617
40921
21659
30732
34257
8893
48387
40024
11082
22670
28632
41273
45232
25854
36125
26951
6273
41151
17827
19795
5763
27294
46999
980
38807
44840
43341
9683
44446
21862
21716
35967
43731
22873
43265
18518
22493
8663
4676
19187
4379
16337
20207
4412
9414
28773
10527
9571
28199
43400
1391
26548
14615
19123
34567
5344
13205
13248
33501
16062
27697
29812
42269
9915
34621
44472
12090
14899
14261
48666
42918
34641
36640
38924
17967
13271
9793
8486
34274
30734
26053
33593
43123
37776
30311
15757
11749
37997
28259
27607
21382
7931
4883
6869
44793
21329
22247
14397
33785
42989
32110
6155
47179
47887
3273
46900
47299
47776
26607
12025
16524
29137
14840
40467
35918
36668
42746
21868
15656
47502
17100
28430
4853
47016
8285
45529
26609
40142
11419
40155
28465
45324
35233
27282
14429
47178
22045
1110
14346
1810
12485
42647
14008
43050
35228
33196
28218
38257
3519
34740
15663
9164
30709
26608
21450
17180
2737
43010
10242
14478
49096
32441
14728
23046
37641
20338
862
36095
29112
33985
16970
37166
29922
47660
19991
7773
22114
42670
28829
26490
23807
4167
47474
36141
16734
47653
20536
16713
28167
26419
30293
44404
15475
4423
1429
8226
6352
49241
14099
49144
48649
2362
45767
47129
29358
27556
16444
2682
41097
12137
23817
12926
7623
10483
19965
5644
8352
17995
26316
16637
12977
10880
4982
38249
41098
8139
27584
46925
11256
36667
21602
36289
27804
36137
3001
28251
5739
1787
39093
32643
2659
30677
17067
14780
10558
11917
28080
