48068
13380
19772
44882
1193
16562
6965
17676
46383
38446
48013
31624
32891
21942
42284
46342
46569
37541
26581
37041
3688
41760
11973
27599
30097
38544
36504
7372
29105
42971
49435
10730
25438
41554
22203
43424
44056
35810
48509
18147
25543
10641
28345
43264
47335
14200
23250
38035
40609
46230
10381
12163
7329
35844
22050
5249
44824
10942
12880
32305
12441
33311
40203
6004
33781
29980
2492
45482
32384
5412
45827
24523
14476
7733
30939
46877
17989
13457
29133
9215
40543
20776
7529
42735
49140
38683
46641
28205
13326
30210
37999
12420
41959
46483
43397
3964
49004
2838
11686
33942
12683
5538
2384
21211
45823
37213
21168
32277
3163
2540
46573
42243
10919
30553
14863
17941
5992
38096
8644
18912
10945
49394
6186
16927
8156
43835
25951
27085
30289
41842
15485
36312
10595
21713
24901
9578
45013
17424
30
3235
4788
27439
5662
3591
21023
22216
49442
9625
41539
31770
5618
8447
16584
45886
40000
3660
45557
41744
43971
39192
36850
39476
11223
1624
47399
47790
49233
7595
28479
47113
2729
21052
6641
46952
19208
8807
35283
40471
27038
31370
6759
13893
38956
26195
30769
5031
3747
18648
7743
28525
31819
45535
8243
1994
12141
49952
9705
26593
19242
21446
21189
42268
7535
25492
13991
9735
15135
36310
21571
8829
15833
6552
42491
39816
36924
21974
14053
20687
46936
40059
4831
4954
27328
27416
40002
32092
19814
35341
18772
30251
48465
36848
23541
12998
13137
44546
29017
23489
3899
32406
35206
49455
25036
13081
31976
12109
27096
18761
6044
33979
28604
19678
23843
48182
26468
9623
18035
13332
35532
904
14289
27857
30351
16611
26931
3920
47952
1528
31164
27835
39120
12069
3865
22552
6966
42909
14160
38769
4702
32691
41319
31136
17143
15022
44508
37773
27375
26107
10471
19010
43056
39099
28658
14747
49747
44594
26162
13800
45997
8446
29379
7789
23418
40592
307
44153
26838
28707
28443
18822
1490
45467
10514
30982
5454
38298
13276
46683
42705
19520
25703
10818
49581
41823
22082
39603
24561
1198
15176
30005
296
6066
39573
17117
10807
10568
2526
22335
35910
11824
7962
8866
28708
4835
39879
6639
45339
15961
9857
30451
12525
46191
37917
4989
31465
37371
12545
20914
49596
458
33020
33633
18792
45934
15635
8480
48257
35999
25481
645
15084
5856
28085
39190
37423
32745
1152
29363
1780
43235
8754
39033
19996
20766
41116
17548
38909
47806
11301
1559
9950
4022
37296
37450
46266
7450
29633
45081
41426
25616
45009
13629
18277
40826
26273
31970
9130
18025
2098
7958
46566
41667
46899
3604
8119
45538
36384
27558
10984
34476
14707
25929
17330
40094
42645
31756
33893
11527
32201
4430
19868
43806
15201
1174
31328
24457
14851
27836
42689
29014
48510
45180
24102
559
46458
44359
3841
4813
38832
47574
23589
49837
33886
22901
12867
26342
27475
41323
30543
47575
1812
36447
5181
