41364
11984
17380
28796
37619
1442
44473
17654
32544
48437
27268
9700
7189
34534
1414
38214
11080
18163
34300
1668
9311
3095
36412
35658
15457
49826
15978
31443
19414
40229
32318
3769
13464
42703
27415
29357
33695
13388
21403
87
2249
38052
15680
24362
22056
47245
45837
5944
17071
31641
43557
28969
28177
16882
32692
823
7390
34404
34558
35914
613
6937
36645
30405
45709
48390
20926
9046
1244
7438
960
47090
36150
44155
29497
36010
3785
28971
17588
42460
29485
25600
12282
23856
21188
37412
2940
36558
37262
17778
7547
22699
27982
18431
47542
37034
28739
22701
4873
28410
10078
20908
4646
29010
21771
40741
3242
38031
18694
5169
12703
38314
25233
31632
6609
44834
4358
44759
31121
13077
41774
37546
43085
43822
38306
36180
44996
24284
40292
3087
38931
26259
32249
5863
48454
11773
48869
31662
31290
6579
24121
39217
2822
32800
38317
41416
24965
25298
8084
15979
35457
16879
45197
34994
20372
44378
38223
19714
46436
15028
8470
3398
32086
4297
40433
12860
41325
44151
13475
41289
26104
33905
19716
32624
35359
12543
12881
940
3201
30235
4684
7885
37369
44469
43327
18937
34220
9026
13513
43145
23523
43531
11882
35422
39430
4751
42979
13863
6814
46913
42459
28961
29933
8075
1011
1588
22187
47755
11360
31646
14493
33996
7196
7847
14114
39773
37003
29725
23177
8121
1264
14991
144
30946
44915
6387
31168
30365
42975
30514
33555
8330
21215
45933
30666
40669
16727
45546
6723
8125
42961
7983
33600
40076
19449
33503
7671
16746
26933
727
46585
45611
21792
8177
11523
16467
34132
34142
40497
27830
9387
45241
40620
13677
49790
29083
22798
10687
9187
21300
41854
41442
12728
48900
48749
23732
4289
17519
9009
30166
1867
10147
29462
16665
2198
40779
21280
34754
33301
24723
37501
6998
5565
28928
42545
12795
15050
40629
40337
9453
26638
26601
31384
6187
49101
49875
3184
36928
37936
42984
6278
37434
47189
41047
17614
45917
40008
35764
18645
48491
48334
4826
23949
39849
24744
48643
5527
10826
30581
5373
17835
41336
3127
38921
20759
657
40797
7402
8314
12772
33696
14039
10582
32656
16625
31272
49680
28511
31362
40587
37378
7718
19279
31998
32877
17542
49799
16656
20401
16698
13302
29101
8726
33131
19170
46567
17895
18930
18022
44384
36827
36241
22074
538
6739
32806
10888
25009
9963
19362
23223
30968
42653
20962
10681
43332
26476
45224
40101
40773
29193
45622
3562
35085
1968
3743
14732
8293
8901
15236
19979
18155
31371
20667
32108
41334
21646
45288
42315
23446
11237
46176
2776
30751
47746
8773
10152
16759
2978
4356
44402
15112
14444
37313
34046
22205
43489
23004
48738
23688
39787
31442
21231
45325
37190
10592
46331
9784
14778
29634
3159
20843
32615
35184
695
11201
39277
34447
15735
31820
33042
39185
45302
9458
26491
16878
17534
26353
4380
44075
31011
44213
15549
24349
30510
17608
16498
33958
28062
28275
716
3550
27206
40409
13419
13087
18847
27625
46534
6139
44986
34817
15063
25050
42931
2575
16371
2144
24116
42261
42773
44813
29437
14861
31825
24425
3373
47252
25688
13280
1585
22441
14202
10711
20266
42835
12541
9900
9736
2580
40655
30747
6181
33199
23058
4496
39795
22821
43363
31244
12279
29445
4558
42815
2169
11091
1869
2003
26669
10278
8023
10425
12132
10327
33661
13628
9817
36523
6052
10839
11353
43070
30992
73
14603
14847
47315
1555
7828
48954
32472
3683
46981
44414
31674
30059
22835
45442
34438
21126
45095
19770
32804
2759
44709
36119
39710
44019
45167
6769
23113
13420
47383
8145
40573
7629
37922
49585
37481
37413
18633
43968
11429
14148
5913
11151
34116
42250
32981
45113
23307
26645
6841
20921
7874
620
49365
2047
20754
18330
7520
34129
45838
14457
26280
35949
36792
4678
23700
39016
37246
3761
46098
24812
21670
6791
29038
48400
37387
21993
37
37955
40537
37678
43110
17879
2461
8337
48402
19094
21154
5480
38149
37783
22553
19305
25977
16002
10454
15311
1385
19333
15162
29852
