24833
7521
21730
30273
26828
15305
25101
32278
34335
42503
8991
48222
27350
48117
17608
27783
23104
41794
7531
10092
49284
12416
45081
17272
22802
24206
17514
41858
48126
47430
43316
16214
38289
46707
43409
49060
16012
40427
22032
46561
29539
9458
37572
22889
8934
31638
10736
18249
21181
6445
46670
9825
41039
33330
30277
26444
38725
33294
17885
26405
33745
10374
42002
15651
24370
38743
6618
26057
22432
1293
28244
38718
21956
35076
30075
27456
28434
26427
49506
37007
33979
44323
3748
1164
13226
7080
28429
39906
20054
41074
7590
45572
34963
3429
27769
39001
26498
862
17263
4245
13886
32382
39314
36536
34967
44648
43732
3910
32107
1307
48313
36005
471
33800
40622
41645
46725
46686
28136
13343
9697
7570
2393
7191
39020
2922
41334
2316
3601
29173
2962
26668
46370
17978
9587
45470
23361
18174
40816
42826
42562
30799
2350
3583
15983
12156
10141
16690
48871
27554
16094
42724
39858
29611
1786
23398
35434
25640
227
3457
43928
29683
9198
8978
1942
1083
37567
44334
36914
6952
25093
280
25797
35583
45746
32825
45946
37584
27765
23477
11985
21963
42039
41025
15830
2557
802
47571
20734
35816
19540
13301
19020
22993
19541
23396
42703
19385
48031
2133
22184
27716
17734
10666
36719
19663
38097
46036
23817
2669
27809
40455
24571
20422
30359
7769
38158
10701
27615
43949
16173
11535
21121
25634
42143
7429
10084
4586
24285
21620
24037
3877
23784
17186
25465
43802
6679
29293
46041
26384
31083
23873
46200
12375
44217
6313
13326
8265
37885
45414
42950
30627
218
2714
36563
33304
10618
32715
29418
39778
46223
4306
25175
8988
41766
17545
493
18550
15991
269
46309
11277
21788
34406
46680
36892
3712
16582
4539
38362
17714
15031
30018
2335
4867
26474
11147
35409
5525
7534
39924
20098
20696
44331
38589
30329
25962
15513
45059
9545
46511
21590
37226
46761
7639
47987
30602
32744
9142
21503
32858
246
32890
1632
7976
13587
23941
21796
6150
36356
27031
16759
21037
18364
45017
39477
996
22700
23670
4278
42608
25676
45172
33278
42885
13931
49887
15109
46942
30713
21369
28356
4453
11987
8510
27298
35746
46000
2059
20690
43098
35869
45828
39355
5068
29182
4361
35459
46191
31849
1201
22133
8523
34861
7097
7730
19132
11426
1297
2507
4158
23374
8556
32106
20926
23648
10866
20102
17433
20480
9108
47217
32368
47284
37220
1344
13164
42331
45671
22021
5741
24087
47921
9196
42821
2040
4923
48552
34124
31520
13304
47011
7308
27962
