9589
31413
44368
3274
18574
11808
15839
20880
1232
42906
43026
23393
26447
33754
24564
13477
22823
27453
13040
892
8473
49300
29780
9985
25869
13523
35728
45655
36288
32281
14945
3647
12010
24774
8046
13204
29602
13478
42641
18098
36048
7863
27003
36143
11927
33860
18439
36829
3242
39928
9486
15635
28641
37124
30946
47009
14851
49468
40562
13846
33197
40234
11640
46554
45700
22095
5537
34704
1986
12119
46599
18790
38499
48360
44831
25364
44665
18000
42071
40948
48183
18595
7123
33162
44566
157
48878
28763
4292
6863
37206
7723
21247
21255
17320
28570
12191
10555
37900
7745
49231
43525
47045
30658
32812
38871
24034
41963
20846
17440
9376
20227
28661
538
20625
35675
15887
33133
37952
16031
27363
41755
41118
45439
26505
24100
19481
9097
17991
24827
17841
38150
34482
25389
11171
43504
29229
15032
9867
35922
45005
32402
49803
4090
17713
40388
8088
44021
25906
3361
21781
30445
6345
37843
29962
18337
25554
20738
33182
21356
1124
24286
47456
13256
7953
27473
36141
34583
47339
8196
36840
47524
33790
9219
17390
25770
15959
20270
9438
23831
29161
17164
27941
34012
45
34738
40601
39483
49999
12600
13109
36692
14020
4269
43168
20504
15900
2519
7210
20126
49554
22603
3819
48976
20333
40254
33305
26186
43755
12557
35413
34513
44196
14288
31446
7743
11
33430
9855
47654
35644
5077
29893
47625
27595
25952
38121
31815
34451
3246
40274
20556
48869
7401
19034
21795
39262
14689
1361
36463
6795
16232
13459
29789
10730
49574
46374
12666
3927
11690
15179
43187
48236
41005
11544
3524
42642
23017
16701
22942
17921
15815
33407
28110
26695
39401
48004
16694
39411
31664
16579
37815
2272
43256
26214
32464
10670
40739
27448
29750
30100
19332
25132
28958
21409
38611
5503
6536
17781
3891
28960
11331
24768
23313
45454
35216
16327
25824
27204
21039
19531
27838
865
30827
2804
2995
33962
25264
41996
13058
45347
47397
32198
36266
35192
38007
37219
28213
26967
1175
1002
10779
1838
48364
2268
21257
15009
177
21851
24751
7409
30088
2813
31415
44925
14266
28296
19219
46513
16239
11206
44783
1102
34713
11578
28253
8430
47526
20673
43334
27502
22887
35859
44587
44533
11473
23832
34574
30059
5029
6781
4671
37039
17822
1650
39653
23525
36415
13397
4937
15037
41062
6018
2116
47312
37192
36982
8800
13666
19703
38769
2227
31987
35952
46550
17192
49344
46265
43138
43780
35306
36728
25947
25385
23928
23852
45371
4337
14634
17399
45801
