6455
40918
3183
32355
42885
34388
33632
30902
37368
12745
14449
12936
8356
10573
68
11405
23343
2860
30753
35589
40400
24607
14901
46506
49424
20568
26212
46237
43807
8908
25213
13582
49510
2103
7917
17203
44466
18253
29155
47981
22305
31636
45086
29891
42934
48816
10008
19548
49623
37384
49426
6540
42026
49528
30743
40475
26956
26170
35002
17068
29283
34405
18199
2296
17191
43991
38130
13839
49193
8220
36578
39187
34922
24836
30615
48984
48683
27232
10913
26625
6576
33230
11318
23981
6315
21741
31929
34134
38524
38748
33596
25094
25451
11134
25197
49883
49670
36090
35068
24685
46816
45276
43585
42772
33659
22040
12713
18185
41864
7740
17104
16039
33829
19163
25174
5387
35076
34690
1581
22375
39610
37677
46604
42999
48872
30551
44592
11639
13865
20603
33118
34735
19300
48781
4266
11586
9546
20571
25382
8574
24424
16384
33255
21901
8143
33995
17266
35924
27135
1438
7823
34628
2280
20675
48428
15390
15921
4561
24632
38168
45450
1115
44538
29159
6755
21314
8384
44176
34149
14061
3171
11791
44098
6518
6813
39836
14752
36219
30384
49220
39381
6750
8230
39303
10341
28978
46766
22635
34210
14448
36747
1597
4320
35156
12974
27188
36403
34306
35445
30112
36911
31953
48744
29040
32222
1038
1382
41978
14282
14942
8398
36380
20005
28570
32948
42496
2955
38154
28274
8184
2697
4116
18195
28871
45780
2620
14469
18214
47419
40115
42678
37173
13498
17525
574
9321
2202
30580
7918
24034
38343
25644
42300
46108
837
11980
3994
13871
41472
44932
9955
26205
9655
19803
14213
49013
41952
31560
23905
29310
614
10162
511
25694
26133
41620
23226
20619
39083
2351
14441
941
36077
19344
38623
9114
19661
14637
36826
31722
39410
6475
11442
13202
33087
5098
7712
5607
48371
8058
44762
8290
19406
12426
6844
44229
34782
1185
2278
43234
37078
42538
32280
32637
16778
48111
27445
2533
2210
45211
49853
40859
43308
11987
29047
3559
42738
26884
38902
38671
27746
1580
26835
48661
31924
14965
46088
24272
34708
33257
4222
42197
628
29142
30279
1354
30891
48617
25082
2786
33842
49384
27275
21789
12800
49547
10249
4851
5146
22255
10364
6307
11108
6550
25924
10405
21502
33234
290
48842
15189
36366
45850
24003
26055
6926
14055
24106
1271
5940
45304
23413
17739
2972
38148
8946
2135
18479
1311
6654
36179
49196
6892
180
10268
40783
35959
7370
31455
27483
14242
36003
33228
41872
12734
18294
27789
21319
30537
21222
38354
38932
9977
15583
10895
7158
17354
8340
14308
35670
48612
7544
30373
40227
17657
43360
9229
13149
44488
17987
12152
30193
45248
46371
47909
29042
46031
37547
48568
4223
7038
10097
7169
37195
18031
48762
15237
28247
49029
41745
26712
15267
8449
23478
14078
8591
23328
