13494
9540
29930
8654
5160
6762
40225
32373
47398
47172
17473
27068
30623
6149
22051
7086
5383
37047
1288
18744
32431
26344
43920
16224
3042
32153
43954
44914
6675
2561
23512
33587
20629
15390
49227
39559
4421
39256
1428
41666
34425
26802
32313
29068
19260
17241
15207
4810
32017
14075
18619
12835
295
33458
24616
41206
43874
44614
27400
4414
20086
35642
39597
14944
6239
12822
22572
4007
1292
7979
26483
25738
14834
31400
44327
21536
3190
11634
28941
6275
45827
19018
34642
11768
21935
29614
11947
49696
14368
32610
39063
38901
21538
13262
8253
8444
11990
40749
15698
1832
20909
2666
26387
46775
30717
28712
27403
41707
16047
40356
6215
24226
15503
17394
562
3380
24171
7808
41825
21357
42241
10387
29012
6108
26690
31167
699
32970
11730
20749
34706
31837
48894
5799
19196
13094
13818
7709
36969
16474
21363
42465
9310
20366
21033
17078
2266
3510
48445
44049
24258
15324
38691
43034
49699
32404
34674
10101
34453
42720
5341
42092
33035
19913
48580
2688
11265
34464
6042
13671
43813
23077
14863
7537
7712
4351
20300
16280
22571
5347
12057
2198
39846
18768
41727
25576
29723
43048
20123
10431
12070
22284
4571
35329
4833
3065
9865
29620
37990
6184
24573
44163
38705
17583
27756
45634
45864
6788
26224
36591
5015
14359
43613
21038
22556
11844
43210
3230
13786
27488
41722
40309
8516
28902
43059
18962
32735
11964
10071
12907
40312
27871
45479
41364
30795
33564
28851
39115
17857
14129
35602
785
1645
9683
16874
25246
25363
20684
1604
11742
26866
38773
12194
18883
15611
16545
37842
18654
47100
42101
35234
1024
19180
10619
38936
34903
18325
17499
24538
29847
20298
29305
18470
2388
34025
13932
44842
28324
49016
17203
22033
43166
207
27822
116
1939
452
36457
25279
23943
39989
43607
3041
30702
20351
46430
7387
33926
5100
37074
248
15789
3974
13492
12489
38426
48029
15154
4875
35614
6820
41162
20216
49856
48908
48365
13083
10
2981
24702
48610
45598
42994
10923
21160
24395
13997
6364
20365
13554
5754
1916
48056
2488
39141
14262
34987
49389
5947
8078
18466
30900
39959
20853
9441
38646
32189
378
13351
39654
33761
33395
1371
18078
39794
19525
41700
3791
38113
39641
