48632
31667
45818
38588
40676
403
49969
7466
6057
34920
2601
45940
45405
23768
14438
38408
42555
36390
39983
30453
29366
28231
16570
15938
36522
32298
30247
10828
3673
33899
49931
7989
32348
13664
8126
16783
28168
8255
47334
49842
7952
43631
16470
43132
37921
40379
11322
33439
21864
46504
4799
15735
31647
5287
15470
11593
2863
24984
12470
28225
21417
45159
32537
49430
8267
35441
36280
3507
2876
22185
521
17682
18106
9634
10245
12274
8645
9723
20292
36189
44209
15536
6970
15459
48905
36209
21320
39300
648
33546
12069
24172
30117
11480
11979
45771
16868
41015
49133
23804
22242
21524
8705
13548
37701
17349
41097
827
32435
19744
32414
14752
1036
44947
32031
8019
1270
22859
46522
9154
38129
37058
28606
29607
35352
26315
37625
43509
18934
18182
3701
17117
26875
44380
43479
18128
21987
14380
9291
27040
41701
34276
42378
22318
25789
34682
24341
13098
43445
40136
9041
19917
48757
6573
6711
6998
5197
44849
7304
16581
47884
18061
14904
10321
33366
34405
31806
17630
4240
6462
10296
38194
32117
49307
26806
16613
26594
44712
16723
26932
38629
32286
36918
6440
6206
8313
22562
40711
18804
26122
49929
17563
32714
21094
17285
29658
44254
2281
11506
28807
31340
17310
3955
13022
36590
37091
15560
30062
28852
30484
11599
6689
9073
4907
21992
36045
45305
12473
48966
38059
10904
20827
10002
49680
13016
46356
20169
6869
42749
46116
5221
24908
17474
43295
26696
47324
35510
39404
11061
42225
9613
31170
36703
43154
31151
24519
40534
48470
32554
25367
46918
14656
23778
32993
29726
18772
39560
14281
25217
25137
42343
35548
44667
29024
43070
35566
33180
12101
21958
17573
40471
9629
38098
10442
45148
8699
40102
15395
34668
3514
28252
39266
47853
47306
3515
2004
39573
41034
37179
25166
11002
11497
29855
45427
49078
30181
18208
7785
27354
8926
28397
4955
29672
48164
38913
42571
22345
29373
11597
9049
8047
7111
45324
34551
33686
45785
42558
37581
45062
9
12017
47020
22291
27653
15098
34946
16508
46363
14557
28932
14564
26031
20043
12175
36070
36049
35474
39207
27833
16109
34180
6597
47620
35789
1555
35909
83
19182
15271
16991
48526
7399
45294
42430
1233
14364
49416
16797
11938
10184
2766
7076
37630
1558
16342
29465
19585
19545
5233
11102
44920
43408
19786
17156
42265
5577
