25344
27001
28208
36107
46197
30787
41770
3367
3149
10797
40907
22831
35494
5383
33808
11146
4208
35947
28206
43014
29794
9875
41060
10180
33961
21259
38553
29438
20870
39896
45963
42754
16585
19586
5423
6192
20591
46614
14538
22382
9372
11012
17683
49524
28689
22416
48421
44299
48603
39520
570
48839
43205
25061
8291
35769
26770
48038
39164
15303
5182
22665
24032
37900
9899
18807
35659
18505
42256
23069
10864
31295
40131
4827
35784
34625
8052
35397
41377
34409
34979
4599
8357
27192
18286
25446
12854
38426
49706
9843
48972
30236
32819
38139
28545
35884
6091
21703
36377
33221
36998
26941
15992
48977
16815
20580
3148
21820
4183
10952
44706
46718
19584
13251
42166
18438
28663
46395
8994
43380
32239
20081
15206
45182
22854
45331
40621
16577
23632
6738
411
28540
4891
12284
35104
45664
33021
34945
40903
25795
49627
2694
19603
7559
38287
39767
31491
1550
30146
1005
29307
5332
36561
12236
17456
10482
45033
44216
43551
29968
19108
43013
17554
6625
32793
25721
44714
48882
643
20057
49454
6487
46525
30410
41697
8632
44918
40614
19781
7565
24479
31723
32944
14176
36043
30324
45523
33929
27027
34978
14066
34546
8965
32704
23793
12450
40952
12220
6219
21556
31762
23094
8953
35940
1739
4271
18517
43045
19119
8457
45091
41209
23789
8482
34624
5457
48361
17477
21194
8152
125
27517
8021
19698
31782
49686
7453
238
27631
987
9232
14485
26801
23010
29064
26417
40913
45380
48375
46312
30137
15359
25742
46281
16687
36369
18928
10412
24082
15252
15042
23442
48801
17218
49663
11241
5860
46433
8517
40975
6895
9594
33438
18543
931
31648
36717
46419
28497
31172
38985
38030
34182
12553
7734
5409
14833
47632
19261
3568
13765
49000
42546
9227
38143
46768
26633
828
6914
35305
10437
32657
44642
1498
7216
49810
7147
27711
34138
32504
44520
39912
20272
15468
9962
17556
15625
18394
7978
24256
25975
20232
11661
1946
31018
29169
22448
47075
44750
25292
26073
48230
49626
40351
18581
35144
12320
14999
2650
40424
44960
17321
9744
32817
33986
6830
36963
45733
8116
22462
25671
13560
2798
31964
46881
49336
20494
9656
41661
45117
328
1328
45036
13103
14430
23539
24366
33491
7669
33135
37583
32158
48865
19181
8208
1030
19740
3465
23931
49970
36607
27418
35463
44101
20449
39171
34956
25026
45634
31768
41055
16619
17452
37146
194
5562
4855
4506
44499
11263
26915
39571
22137
39731
40589
36950
30159
10963
28802
19616
25602
1418
10735
34497
29005
20681
39085
49603
18122
34157
40767
46192
3955
44866
29191
45346
19699
29315
21171
22597
22291
24466
47235
5267
31736
14885
16055
9386
39151
49998
104
24579
49329
39117
10648
19038
48597
13023
19502
45598
49704
7171
43004
35688
14336
24451
30826
33082
38112
45296
44205
27190
36902
32042
32037
15907
5339
42019
36244
44817
42589
49289
15849
9360
16954
45355
4420
40303
31337
40223
8407
42347
40531
19564
46908
7698
39840
15344
47890
37596
38563
40781
19096
1725
403
35415
3444
22994
24279
17045
20278
12979
22384
38510
47941
34982
49098
16848
14880
25427
2324
21992
24550
39716
45312
26348
15654
46324
9296
28004
22225
47264
39641
37727
33281
1768
43015
32006
29448
35003
34531
20234
7503
8081
18397
7667
9057
45819
8392
27327
22929
41549
33790
41008
6645
1895
4149
3638
21762
46553
7716
40791
35854
14324
25965
40044
5517
27473
24244
19829
34414
43116
34745
6101
3486
39278
19651
14689
36791
38966
12663
43103
3916
2591
1088
29426
30969
22372
5022
41994
23015
30540
10899
8998
10753
39690
28564
27278
47936
35821
340
15646
8055
14220
16747
6621
18471
47720
19927
46030
35782
18338
1545
31801
49294
10777
14147
26199
12096
15758
28151
34387
41107
5878
5822
32175
8668
48930
42756
11732
48204
39738
7161
28530
35930
18584
11766
18950
49833
7648
36814
5636
17274
43208
2574
6201
36925
21918
6915
6973
25130
27555
16234
26257
18987
49284
36691
33244
42527
43525
9914
7486
2949
12174
14208
37856
36336
45625
11846
37183
13643
352
31459
2035
11426
28412
888
16360
43778
13717
47442
38688
44556
299
20
17064
17589
36982
12105
39704
24460
44604
38402
22397
36308
6445
47076
31311
38522
14169
40473
18704
10345
542
22179
1823
42346
1951
3055
5216
34316
29007
49479
28821
45411
32415
14491
43344
19353
33720
38151
11842
6560
16603
27940
31084
32418
25252
