38908
38621
1266
28723
9305
44113
39229
39976
30109
37607
47927
44534
20487
12050
40578
2496
47239
36954
30704
45076
17723
7241
18766
44424
4766
29227
22882
31582
6979
33616
9279
40492
29916
19968
10024
11720
17839
32639
31742
33464
48642
43582
38239
791
46033
46282
45805
7311
9973
7485
47230
36814
8005
406
31928
37958
21548
42146
32296
33393
46949
42735
11424
42815
10222
41732
26834
20105
4101
9389
36702
6200
16448
19946
49301
8765
9303
8794
40125
46136
24783
47503
21074
21324
480
23184
7634
47028
28017
44805
30250
12429
9317
22595
35985
11541
45555
47437
4523
20378
15688
16891
41090
38865
1698
25424
41121
2667
47451
5857
30639
20652
43608
39766
3417
36737
47497
16801
30309
43931
20520
37730
12297
43442
20602
25218
39283
4953
8359
37741
17091
45188
15265
21951
48237
12469
12009
21826
36373
41324
9151
17560
42833
35522
1975
8735
7778
15237
44164
19495
4574
46286
44627
12287
13863
38252
37953
5276
1180
20408
12799
49597
10847
47113
43423
20709
10454
18904
30572
49980
1055
47726
10809
48287
19341
6054
14501
44065
26851
33106
31990
24484
41934
42188
6446
31132
5638
48093
4018
39596
11558
43752
38547
41166
5813
41909
30233
23621
20446
750
8928
31792
38976
17988
17870
33308
46685
37946
16630
36722
42696
1217
46615
32364
34354
37851
37813
23617
5681
44305
31728
7010
3037
35773
21035
12989
46115
17495
7700
35629
16356
40797
49195
21998
42275
45018
43526
41457
21711
42567
26575
14261
43193
46472
14715
28342
42165
13464
16845
8775
36779
14339
27523
45476
143
39280
21572
32634
24549
29152
25658
18328
1254
9500
23487
36442
45220
23987
24468
16302
17968
48810
38405
17366
8540
5474
21954
24876
29476
43238
20572
1601
32553
15190
48230
44257
32594
41219
25360
4282
1026
16790
8366
22909
32350
18040
6767
29096
4329
23819
28490
20963
34478
23228
20507
20180
5559
46007
29267
26898
12367
2687
4027
25126
15435
32638
18549
21011
46552
21668
45214
28796
31109
35373
25989
38201
18475
25207
12336
33750
34038
7914
18964
23690
45075
43816
36198
36272
12826
1784
5172
18725
38576
34831
39744
11303
36565
30304
17199
26629
15843
42647
22963
20031
39347
12038
10877
44158
49891
35315
16417
30168
4138
14441
29588
4627
31903
41073
33582
16288
24061
30570
7687
46530
48341
14676
126
37263
22825
39325
9617
12844
11144
1564
11993
8960
70
35436
13773
32116
1765
26439
4386
41862
11695
21589
24691
4449
6749
41516
10225
48243
40814
23401
42413
