20395
35810
37682
26049
32529
18733
34019
8954
10027
40368
24381
16893
11576
25630
18333
16550
23860
28399
45684
49425
2025
1363
39330
21583
21452
41047
17594
29113
9564
44233
16475
29342
18882
35495
28408
33795
30878
49135
5412
18378
21450
43693
15170
10775
28288
31950
13812
4373
3177
2517
30115
14031
16646
18156
35892
33389
42176
36632
25248
15571
29558
8970
30598
2485
41627
4780
16212
15100
31056
2533
15784
2837
31711
25656
30455
42360
48506
28973
5657
43141
41461
38056
4387
27474
20060
46456
36577
47713
30254
17127
31454
32920
24476
33163
24094
10873
29277
37873
4472
40431
8288
46650
30903
49952
18014
46957
28711
14214
5606
497
11967
48668
8560
49043
8230
622
46196
48016
46719
7695
35148
31619
28311
40068
42970
25092
24614
24723
2553
24346
6366
48772
15675
11932
6599
4902
8793
8258
38614
15829
29970
24300
28545
2760
13690
8967
4077
35177
30571
13643
2442
10408
38752
21533
47548
5854
7711
23
15315
27286
38508
12025
44389
40382
344
45812
32627
24506
10631
42403
10390
30384
35970
21114
44280
49331
39954
37309
12732
24340
34203
7563
49840
12667
22295
43632
46381
4024
10089
37569
27384
6463
15924
48161
14333
8314
19446
13441
44704
28451
3706
30400
46385
8029
6562
33904
45459
1378
47449
43864
40921
11346
49896
40237
38676
15412
320
9315
6704
27682
1849
49381
47981
15224
28381
27767
19901
15845
4790
20081
47171
33076
2070
7551
25310
40189
36991
15645
3972
22682
24689
5216
11770
19055
13427
29765
8000
45272
10168
6577
11281
16637
7632
25039
28716
19355
17201
16849
49733
19111
41998
44047
1112
31764
4259
34344
14229
13904
24373
34026
44745
29861
13728
48881
4330
34519
23080
2535
6144
45996
34973
24471
37753
6202
34742
23297
44851
3871
19272
1739
12459
29523
10943
24708
23994
27481
45481
49080
31373
24852
36080
30804
47536
28057
43540
2701
43841
3538
41235
11112
47169
16615
17897
42252
20961
3376
281
7517
28631
44053
8093
192
24936
8697
23030
27066
6968
15180
49462
23930
23419
30214
33361
44725
46807
22899
12831
21778
13148
42476
47727
45585
16257
24725
2055
37884
8558
22775
33765
21483
28376
6685
33591
21458
43711
34205
928
7007
47546
49153
37294
389
43671
1082
2426
13930
8309
7879
3899
48073
32019
22269
19100
46720
16009
9530
31162
34960
10552
11393
32759
14002
16649
34093
35274
26445
35235
35720
32589
26923
34784
10103
31045
36785
49841
15927
4706
2894
22653
22828
43923
19095
18849
49155
25412
40188
25861
44607
10725
49625
