29008
23719
7004
40346
43846
20411
38493
39045
3210
49988
14217
18350
3997
41199
44311
17008
23239
8713
44807
20265
38157
45179
45676
13017
31550
36576
41576
5642
33209
20526
44583
41788
10761
15392
30990
28017
6665
47164
30900
42507
25512
3140
45403
4606
2397
7480
58
44711
49913
23
24910
41025
20001
36440
21234
16653
12983
13919
33386
22763
12001
3983
14210
7352
37770
5439
10469
38751
6506
22771
36627
24998
39667
17688
13430
8951
16028
21472
6596
11774
7177
28642
43378
48516
43160
46923
39013
35009
894
21898
6719
38281
8090
21418
13026
38432
39369
318
11377
48877
453
6511
14947
10842
41081
9436
36232
20259
16431
21051
1733
42379
26501
43011
27287
17953
14647
33176
49787
35162
37818
8465
5654
44178
46889
35022
35770
13187
4315
27612
23696
45374
16405
39628
42196
15380
41488
20131
23257
16011
32268
20602
6573
32127
297
48896
2821
46512
11788
10713
48893
13659
11162
17697
193
14356
25407
12297
9722
5298
27488
6492
37944
34195
25115
44819
23597
47672
25884
4958
16639
28349
47213
16510
19767
28350
43075
34991
16419
7085
45443
9691
10918
47365
27099
10324
11319
12567
47479
43712
23604
40316
29579
31405
5606
13262
38626
41376
35898
32095
49179
5461
30130
43214
25720
23935
37094
6162
47805
11321
35913
8339
37558
20304
49154
46469
32703
10780
44303
8608
10660
25797
35612
9570
3483
48368
38101
12805
16768
48157
23218
33163
39376
12406
10200
37012
38772
10365
27751
21104
4704
14984
172
13402
15628
37588
17972
27778
39587
15683
8419
8948
25457
38352
23216
3968
22014
1893
11715
11981
36708
41575
2699
32572
38859
8519
8448
33866
18865
35732
37472
12058
39856
6852
26679
19027
24584
5309
5795
9588
10885
38586
3406
40674
279
33585
32898
41530
43911
44581
32554
1805
8060
8768
18934
42169
30979
48646
32479
23853
32085
1206
10944
