13024
29148
36309
16364
4447
15619
7084
21015
11569
2264
3403
7385
30790
9868
37134
7198
15854
49621
31851
43624
13518
45085
17249
25548
22158
47358
45432
49454
33665
3320
14440
43724
21120
30132
29311
34818
35801
43903
37907
10313
21396
13063
46565
26798
1988
45569
22623
41503
26397
27804
39980
38407
220
9537
25698
15346
23718
7562
42873
6241
44391
25139
9112
6896
17690
7956
1583
41883
33102
44706
17345
35311
27461
1169
6744
21362
10142
7442
12891
46197
42792
11094
17090
11608
44708
26525
18816
10721
20697
40882
26257
12843
6027
33878
47522
2948
19458
14070
23247
22437
46952
25827
43331
42122
6917
45242
21976
40922
24440
34159
19479
23626
49547
46765
46343
42974
2256
27749
40957
36959
32549
30138
41598
1475
38573
29239
21701
18837
16216
37032
42291
19259
21495
46537
12074
39292
43785
5278
35771
1523
44785
3389
15054
38373
17096
42321
22726
34384
47549
9328
38552
38109
32451
511
41393
5928
27476
14105
17830
245
49881
38916
27759
20940
7417
10639
24826
35038
9175
23244
14517
7151
48191
5000
7305
45508
40669
43808
33463
38096
30026
41179
3217
17623
39097
4673
31594
41396
2506
23385
2499
25244
18198
14611
44022
6780
12755
38389
24948
49197
12169
21885
49211
24692
45309
10922
28889
37806
31355
3684
38659
13951
5034
17932
13599
6664
3117
20308
43009
46020
19564
29905
102
16127
48763
15143
3617
6376
15262
4694
10826
16869
25170
42897
8271
40207
44222
44649
37917
3375
37346
22616
23669
8892
40340
26957
24375
13770
12516
38944
19302
42691
8532
47092
41091
19149
30344
20663
16131
40074
16883
46587
6161
48525
20094
16771
18355
7522
20275
14601
37832
45123
36784
35098
28696
44253
12975
21966
28179
25080
25868
30274
23721
3066
46085
44154
9648
31962
29954
25932
49745
969
3277
39901
14719
26846
47223
363
40727
45763
27444
504
26476
33010
30492
605
3136
6897
8035
46451
20546
31308
29817
2999
10524
41657
20274
23411
9407
32915
38817
42565
6384
27289
26993
2734
14471
47269
32913
22515
24021
32020
21592
6937
20773
3509
7719
33944
32407
48917
35240
21513
2497
42205
3508
17177
4729
36633
13595
30276
47729
48973
41684
6185
5142
21497
12613
8998
30998
37394
42417
36792
4194
20858
39328
44825
20931
24526
25609
23851
3699
39436
23397
33147
25377
16255
39370
25633
21305
10189
20213
6991
43230
17140
20554
45278
9562
35982
10156
37857
29542
9476
49276
32883
23375
48338
33612
40836
20272
12122
29812
30024
28034
24354
40941
30105
12603
28704
33103
6028
11585
10273
16894
