36422
18749
22589
3209
29383
15404
42775
9326
13784
44703
12931
2803
34040
23160
31524
21861
20653
18461
25809
777
44335
36926
23514
18347
12592
40053
48453
49376
15524
49252
29398
10823
29146
14246
5620
14659
752
35701
34793
24677
27931
1043
28409
37777
32531
27472
15146
34417
5239
40039
38808
39735
47520
31756
22152
49094
10561
4881
1095
23950
22809
17290
29244
44959
1437
912
32181
11430
21678
33206
26304
45661
31927
387
7250
4511
21144
43342
44502
20092
30442
22221
38366
16113
30334
28091
47796
43660
34077
26428
19910
11048
33721
12161
19714
1161
7064
792
5984
47873
41740
29434
18481
4841
47929
23874
2338
17168
30999
42246
29232
21712
45706
46031
35976
11882
34725
43435
36777
32505
12985
18984
44093
1582
45307
16345
43768
17813
5668
29124
25062
11700
44641
35842
13473
17804
19969
29072
46932
40889
48822
10395
17510
42935
45396
49222
41682
17387
8818
37538
10623
11836
409
43784
125
38073
12605
40520
36256
26482
14722
2148
7355
46352
29112
25751
18099
7228
9965
20431
45886
5008
4759
39015
20161
22343
37056
7172
16298
24784
22847
22964
32021
29320
41308
45377
48743
4096
12804
3492
43830
19778
1529
39947
39197
19683
36322
21344
49911
19267
32994
1025
9361
3399
11571
37695
4044
10675
33791
49831
13229
44124
46383
34529
45674
8048
35387
45177
14308
37222
18400
46365
22736
373
22111
5742
15737
46001
572
44072
39721
18112
9908
19958
42484
34011
34101
35113
15423
44497
14123
41070
27725
21168
27248
400
47151
29925
8584
35531
19959
17899
37844
6954
2514
37874
22912
18801
