42155
42838
40548
24679
27670
6293
28453
36222
28719
38492
1898
15694
29670
29558
40942
29118
40195
32184
14903
28784
44001
44933
26977
18296
2142
42183
12690
24250
42834
43847
43431
41646
8277
15388
12365
29974
21481
40500
12387
2684
19216
27091
3249
34096
86
39143
2757
8132
5441
26449
33174
34431
36694
32325
21706
2628
15836
37247
34752
3710
17553
39465
38165
35541
13288
18615
3815
5768
36083
47321
21952
42860
7451
5078
46242
11607
6601
6478
19847
46265
34787
6992
2541
6100
27862
15223
30032
46677
21262
40570
40069
41828
46524
9389
2987
23714
7226
41410
35745
29992
17703
4820
17309
20622
35730
13625
27489
40770
42901
27732
