33610
48695
45793
2945
20841
17889
16430
27799
11520
21282
18851
1687
41175
12886
38660
22312
32467
47425
41310
29680
49870
36450
12116
32083
20549
2598
11185
30969
46823
8391
44971
26411
12567
19252
3303
48077
2480
25145
47517
17524
1341
36352
22310
30079
899
1576
12873
2831
43351
7431
2347
7512
12288
19342
28386
39455
25756
6572
46259
10031
45182
45846
13676
5652
48820
24600
46092
32899
12373
29719
45126
8272
22667
5418
6707
45558
11244
33801
4709
3422
47120
22368
16306
25346
18012
43066
8720
13130
42619
12126
30306
7170
2890
22821
18031
29733
24491
33307
16400
31286
34035
2120
32310
15483
28680
26251
28886
27970
34292
49619
29556
10833
14608
41736
6622
22045
6237
30587
25746
24822
3135
18117
19547
11692
16967
43995
18155
49665
13801
35809
5995
9194
48015
43938
17893
37937
17801
31309
33436
23940
36438
39710
5788
22669
35654
22648
25402
26640
9850
12135
9777
1809
19562
30869
13514
16890
42649
48691
14257
25260
29515
23730
22036
805
12599
13018
29561
17088
14686
28526
74
20983
28304
14852
40515
10339
17814
2459
19344
34028
16222
37199
27778
34449
13173
36542
25141
28406
26066
19612
7160
28873
49154
11832
19675
12021
26762
33994
3558
429
9109
14784
17898
5214
9134
14448
6890
13447
48687
26801
27675
12988
31113
4617
1020
11903
16032
49592
19772
34961
26511
8963
19490
36248
42916
39750
15335
32434
23109
13573
23515
42244
46465
18895
47852
2243
17687
22399
12389
41792
10700
34193
4109
11252
15810
9784
36564
3198
15461
39147
18847
34365
4200
4753
46768
3957
2817
3716
10535
15606
25971
1234
29052
31682
2953
4294
21815
42273
24904
2787
47808
19097
13608
31269
35042
9495
25986
15493
4032
25927
44754
11293
47593
27922
12398
35101
40598
23529
29500
11249
19010
18560
33785
1081
6993
37027
23948
6892
39219
14006
1332
16732
7060
18026
3733
5033
10111
18712
16147
46285
30266
16612
34528
35099
1472
37986
48984
5346
27075
48932
40511
45237
16629
41622
2466
9940
9127
24227
27417
21500
18374
33672
46907
18360
17217
27451
17032
39626
42183
7601
11201
4381
39747
13431
41380
20342
28118
1376
40782
633
49106
17352
34886
7585
35647
28066
4931
24005
4051
49232
44095
40342
34147
41078
13255
25162
6729
7340
23955
9226
2919
9306
35628
31215
44640
42988
46540
35022
2537
42523
18640
8857
33036
24193
33081
42068
18737
10241
44464
47129
36575
7295
35870
502
26432
10981
11573
38180
45302
48268
32603
29753
17324
10149
30043
13953
49228
48334
32351
33500
