13177
7687
15993
6255
32362
12917
33417
19947
40565
46778
7813
42105
31534
388
1871
32396
25984
9373
23184
37954
21354
470
47838
41125
23160
42475
30028
13505
30231
29434
1070
30049
16479
15685
36991
34450
2471
38160
16179
22312
27600
27363
12189
22867
36845
22007
5714
34661
29121
42367
41685
10224
40985
41962
10269
32902
28254
48123
31610
21337
6618
19078
44947
7549
22328
35425
17774
5425
40202
33429
28590
34539
43396
33495
49300
18690
5632
3244
41946
43079
30738
15553
15532
27426
42937
36867
12306
39845
1619
23124
14374
46152
24491
36597
48832
13281
13600
15998
10708
26238
12575
45808
14295
7939
32128
7089
36459
8922
8826
23060
43582
12548
48088
34568
30422
8040
34781
19373
37862
13360
24385
1717
23532
45070
10599
10402
10958
46994
26699
48735
28470
44568
39227
12060
42238
14440
800
41800
26081
48472
11916
25031
22611
34038
3204
28615
14904
20087
47834
5816
37842
33132
29941
40660
18306
39916
43533
18008
44084
22858
7913
35744
5841
1476
14816
6681
26515
6299
30896
4196
48533
6758
29231
14426
36631
4050
17299
45383
41958
29093
46646
2424
49208
12614
35759
28149
29213
10866
524
20023
26886
37975
24971
44422
8620
427
20019
40862
48899
47564
13005
22426
15856
26905
36970
319
8871
42529
18111
34265
10333
46355
4922
34716
12765
15386
17006
2953
25159
40376
18422
48511
22880
2542
29223
48189
10985
8615
21928
19467
1509
47705
22008
16706
26065
21562
45292
14967
37832
23172
29797
13567
41051
39748
36510
24012
40915
27054
15853
26817
12179
1466
23428
12818
19394
1499
10446
10106
48752
39572
37394
46353
3212
46484
40040
32097
35988
27168
31530
42635
7444
33591
9737
49719
864
16929
13294
24778
27770
21217
48598
21387
34184
10004
4347
33858
11905
44936
36644
13729
5651
27035
9514
27865
28555
2092
27877
28895
35894
26500
22112
18924
23351
31932
3225
43528
6624
19439
42559
26298
14379
31950
42677
49001
30466
29939
14391
32424
22842
28610
5809
30472
18684
47866
48018
15624
16056
34148
13793
11260
48976
42993
43825
28918
30959
18771
8931
24531
25011
25432
23611
40212
19039
1248
43896
10414
27247
45059
49210
5704
7031
41708
14610
36201
23440
89
9850
34552
25897
31104
14685
32523
11022
28660
31785
28860
34223
2191
43922
20839
26423
14047
29431
28316
46131
31310
17313
9055
33553
9500
3425
28126
43814
31794
44722
38417
7579
22039
824
27874
42464
33489
9868
27447
47551
12706
43650
11314
17066
10286
30742
36451
41303
25093
42150
40264
5058
27551
18589
16027
26769
45996
15241
6503
21983
20384
9485
26733
24207
34089
41850
20356
36254
36976
20383
33920
49954
42526
31123
23012
48809
43634
