30187
45630
29419
8016
39856
41329
30229
45166
47118
30402
35921
4622
18420
26847
21655
46161
39823
14987
20136
42519
28049
41520
47492
3511
6084
34179
16776
264
38449
35317
19592
45104
5859
36087
26983
41878
31295
5240
20435
10884
5508
12556
39119
477
47193
45114
21969
15017
37381
20817
41836
46090
47393
44088
14109
9971
41778
12978
1219
25400
43427
44393
37256
18262
49620
23101
34589
35002
42693
6631
15069
37938
8276
29188
5795
33412
5205
22082
28536
3295
30308
23088
34487
26077
49058
34416
10778
3874
4892
36326
23041
45146
21545
12020
2193
34982
30774
11231
46414
2212
27607
21448
37478
28137
3980
6810
6455
21055
44054
33169
37617
29221
19459
4448
43893
31044
42877
43712
13593
24212
20620
49927
34245
24604
40462
4728
45918
16221
24667
5181
20149
23729
18939
35090
37187
12277
9888
29747
28881
47454
37275
418
27079
11167
47419
15085
31313
5740
39908
11601
4649
2631
36379
705
21523
47286
38254
41210
32026
21070
22660
9760
42587
37829
34777
31985
33269
14116
24485
46651
1892
16340
6279
42293
20433
31803
23902
10483
25769
6092
11973
25701
36111
41534
26203
24709
48807
10902
22390
33346
43278
17298
42925
5946
37686
41447
41781
19795
42014
39368
2692
27601
24441
40751
31343
29785
11561
37594
5512
32971
18529
47575
34988
30979
12491
11960
3306
6497
9144
47428
42566
7116
30981
8930
26342
33311
44248
38022
9483
32738
30657
35525
44730
6277
32655
9025
37690
16413
42931
48011
30354
12758
25814
34811
35616
49236
13834
31980
28120
3708
15753
44517
22201
14188
42359
21909
20553
27205
39139
30606
19227
1049
21430
10255
36460
5623
15726
20998
895
5071
43308
14958
5622
40698
42200
33225
25326
2606
33492
4255
45754
22891
37244
38545
20128
1312
3194
37893
35871
20517
7665
18627
23971
22473
32904
11977
36667
39324
25397
17763
41675
48461
35029
32095
38086
48903
18636
27715
2918
25405
18930
19483
5598
12905
24850
6889
26207
33659
14696
39935
47801
4064
34268
22947
33859
30501
9526
30791
16515
41635
1206
21676
25451
48439
43006
37512
19299
41522
35292
47588
37639
20438
37575
303
34712
13401
46830
43789
42701
20702
7184
3367
16885
15340
3426
14984
32681
11783
30595
38792
17772
36273
22748
21359
9336
38088
46055
33798
42243
9385
25509
1897
22708
5458
38326
36
18219
29646
41222
14387
45336
31626
28048
32056
44
3735
45011
2242
13167
4968
4598
48544
49251
49760
