34317
38920
42868
29644
45349
44605
11415
35774
24912
20309
47040
34228
25736
45514
42606
24035
4766
46824
42363
12782
43092
34964
19568
6438
35243
23510
11126
25793
32919
7263
31574
17713
1543
40276
36742
25015
33676
24177
18996
29388
15381
12833
7117
20518
24203
18843
8359
6179
8832
4967
17681
29152
46390
38527
23290
6375
21748
3293
27098
31213
38815
36158
11174
38651
19972
12404
48247
15712
21316
48175
48665
28603
39543
1913
15178
19778
13104
7384
15408
43522
17797
9502
17386
42915
21583
45384
19900
39662
7701
22197
46656
6831
17551
3756
41666
44511
46629
21665
21266
31235
32908
39782
2203
45579
41186
48
24222
26284
13934
23825
4075
42625
3075
9018
21058
48717
16814
44328
42747
35776
27812
41957
32686
33095
22482
46759
24585
21107
18299
11878
28549
10017
19165
18282
17985
26295
26516
35680
20108
4127
32776
12177
4037
47734
13412
11306
34486
12315
25586
25598
36236
7695
6882
37215
28467
37026
44332
3092
7647
45581
48604
41908
43495
30209
21449
4103
38486
39242
6884
22200
7580
6527
40524
12709
9415
34651
21647
32185
25133
3542
9622
7417
34280
11423
3136
7141
40447
19389
12331
38577
35742
22286
49850
30945
44426
48540
8430
46891
18345
33616
21081
22664
49345
11322
3099
35699
6493
35146
23198
40397
20166
5915
34413
34197
47956
5857
44925
37408
32040
22303
10206
39285
17623
3509
21105
27458
10009
1643
15908
28130
48409
43150
3091
46493
43282
14434
13682
13423
19020
26236
44567
40832
41510
3200
30249
23393
19036
49993
16025
9654
4610
29328
28819
317
29503
8682
42895
38736
16176
40706
25341
48642
10497
6934
45897
49522
6354
31366
1966
38185
40368
24660
32137
32272
28492
42584
306
30697
16917
18629
21794
47344
17920
40245
1272
40874
35851
30863
5937
44116
14877
49917
40782
38708
8930
31671
39962
37834
3614
3228
6423
43169
17826
39518
34618
26003
7645
32713
40106
29522
10087
14458
8657
14020
8478
22710
40763
40569
33341
43025
48761
39216
29122
49389
32884
38272
34556
47883
17272
85
42353
36493
38211
36252
35186
9532
42063
10656
12991
482
22013
39220
39646
49194
10450
22541
40194
38773
15696
35249
38114
47842
23007
6931
41026
3432
11119
7706
37663
16447
38105
10608
24344
30481
24726
41264
35566
40904
5760
42809
6835
10077
21915
42658
6220
35936
28933
35276
20426
37188
46164
14779
7052
35885
41194
11084
22593
46731
48854
14037
6055
12302
38877
17094
891
36340
3930
19150
14846
9395
35758
34935
28157
48776
38244
7015
19171
19173
26024
10625
9704
14043
8306
8166
20277
34667
42495
41205
30106
13978
28075
16396
22690
30496
25010
22516
5888
47143
14393
41016
12497
45458
35502
29262
34298
35197
31647
21108
10588
9342
30387
13189
15699
12617
3300
15688
15874
43754
17791
28620
1996
33320
38405
47141
7943
46845
4655
9940
353
25389
41080
46631
36861
16626
31428
48001
15399
23333
19813
48672
8943
29938
46252
5815
31309
30165
29235
26503
46645
15944
25840
24739
33660
47986
41463
1427
40335
2154
5786
16779
38190
8618
8275
25732
16135
36216
15038
33309
44478
33161
4214
7178
9838
23103
7115
47309
31791
19538
8676
20618
28769
35704
41174
6874
44057
40780
16050
8004
28783
42468
24961
48885
20312
3283
17934
46557
12378
17991
17453
1221
28452
25305
7812
27706
43121
39473
24416
47905
6683
25881
1246
41927
2445
47846
9151
29335
35711
39414
5631
10016
34215
1458
47719
28837
29932
30916
10274
6428
9827
46772
7126
4587
3570
5488
49184
40082
6703
45891
30538
19495
15900
33608
26805
31186
1721
28246
3342
2685
996
1840
10951
17200
43167
40498
38589
49559
24801
6420
45761
17786
36964
5136
22378
27304
33368
2336
11020
28982
14404
22795
35348
44537
10902
41280
785
38768
5599
31357
35613
45335
39141
16165
41536
29184
40248
44337
12386
28520
43917
36170
10037
7188
27726
8000
46647
12367
3891
38142
4794
49732
33682
43605
5069
7964
22129
9076
10634
16612
30722
16433
39439
34845
46519
258
38032
49851
45364
41582
11264
38180
26857
6495
31628
35950
40517
47191
27615
37612
36600
16671
2701
46571
49153
27748
32549
19907
31913
10135
43086
36000
17579
44269
22826
8018
28306
28863
32426
44285
19069
15928
34222
31779
37193
15082
37673
8741
23627
15561
10878
33298
32075
21069
2267
18219
5796
47869
37831
49948
25289
14057
21881
42556
46642
11785
13373
36947
47404
28060
35087
32901
42510
8621
40712
18043
23803
24097
37455
34072
44541
24124
17202
32562
40591
26265
35124
22201
38386
28463
24056
18167
47446
7834
49205
40091
14177
42199
34252
16981
23883
19509
35438
8315
7093
40519
26768
47772
42477
24621
31419
46966
46332
43943
0
36455
15033
48999
1094
34856
44739
39481
34707
13718
26655
21196
29192
10043
7504
40964
38897
37231
37640
31830
26544
32497
43958
2111
29297
8794
19303
4245
44907
46788
30576
47810
45839
10292
9549
3388
48342
33053
24562
48947
40325
48141
29474
5165
43412
40318
19706
16385
47845
1964
24949
14462
1537
23391
10233
15926
40897
33883
18356
24878
22629
25817
32371
49699
29688
49723
2692
31917
11565
46226
5010
48085
13073
20138
2894
9787
28613
31717
34696
49779
22173
38201
42596
45685
26382
49504
33014
35490
664
42857
22800
32967
165
2302
9417
48505
34491
13088
37332
14798
20458
7398
24665
35679
22004
45002
7442
18989
34758
30431
38341
440
35754
42348
32068
13049
20898
7545
41385
46154
41425
23567
42616
5655
18864
46536
45270
47322
4568
170
31899
35029
6819
9247
42797
39196
25574
29892
31214
27594
26629
28877
2140
29200
45831
6816
11525
18332
42974
16398
5490
15065
12729
24363
26962
20475
20440
8845
9484
23009
14153
2475
33128
39973
45964
38164
30789
49541
11411
44804
9470
29696
15412
46602
28777
5472
37908
46123
45749
14590
6013
12767
7899
8515
40884
46094
34041
37224
6146
25976
46037
48961
23810
20286
28136
35485
32951
29645
35817
36990
21878
33307
21075
36707
43038
39794
16863
40824
8752
31305
9202
17437
21852
46480
38634
9729
38987
49122
48957
41315
45948
5670
33146
3692
6546
18970
24265
15423
27943
42816
33665
1172
12453
13034
34670
39317
21024
40253
17031
31941
40788
45688
26007
459
7777
4640
28375
9574
12287
3534
2242
40146
28287
46028
44733
2585
40013
31262
43774
48069
15224
21769
10400
13318
5029
40366
39535
17269
280
33498
9916
35345
49633
39471
19774
36821
7447
48939
15313
37816
31012
29415
6867
12202
49277
33364
34363
39205
25576
43955
37763
27852
32709
11619
12732
45326
44026
28454
47944
26159
31532
3661
8186
21803
8317
1259
48265
25308
874
11317
17315
30278
20723
29506
24443
38118
23389
34501
