9023
36713
39993
3506
18742
6357
41006
12859
17564
34687
45076
34076
6267
8297
19404
33212
19137
34850
37388
13636
13647
42966
23710
31934
42265
25342
20736
40218
38912
41621
47600
18651
33156
30865
2419
2666
32151
35877
18264
49045
17945
35392
38756
47259
3759
4372
42752
32340
31327
49323
25140
22526
2671
3801
13145
12340
36085
10775
14503
35563
37851
29048
16399
17086
28843
40135
21253
1665
4005
19117
41297
5285
16897
21870
913
17295
7783
30248
42775
49034
9369
34948
20999
39714
27180
45834
18564
13982
6477
6582
40405
13018
42394
42258
38620
13168
14325
29946
12640
15146
37030
10620
44385
29345
26558
44082
20797
22206
36851
22941
44403
32485
11514
8966
6659
46864
7363
40704
13330
44891
7452
6633
44562
6416
13930
44489
3125
5434
47382
34692
30671
10189
25132
47192
39298
9075
30841
24145
24761
8521
10905
28051
5157
44365
36969
7280
7498
37165
15040
12097
12565
49960
6986
10773
49126
38618
39345
32945
32535
37511
19634
40515
45163
24406
28886
14808
24894
23956
40799
9896
31476
49465
32098
40941
37392
1217
14541
45495
2958
14609
20021
14221
34479
3438
35934
5145
27825
31223
11026
11988
3765
37959
24810
8502
28421
19820
31319
28906
35564
40309
32810
47339
11336
14045
38899
40511
5268
41803
34713
32038
16963
49084
11019
44197
4465
41512
2177
21486
9425
32375
11128
27723
7164
38613
46453
45880
21734
40986
32622
26690
190
48310
47176
22866
31823
15881
29762
35074
5964
20578
30501
10593
24209
36538
3862
13997
30091
42051
44553
26232
36258
30559
15569
30558
45692
20783
45320
22871
5870
21568
41838
30197
3038
43273
29026
1250
31233
46011
26139
44487
49368
37692
30399
29313
5113
15525
14445
5831
45376
40765
7434
34861
20725
14018
25143
9116
40612
40841
20502
5934
16466
40795
14499
28045
39354
33749
34283
41739
45307
24639
34074
44623
24864
18538
49062
33402
42994
37907
49532
4286
23380
37263
46760
12823
5186
3533
11006
43382
41556
10218
49486
9186
9475
7185
20718
29371
19418
30528
34904
24310
42742
15986
46040
30039
21617
28425
19799
41627
30052
1594
17445
18273
30571
36354
38774
12599
4750
20968
39122
13654
23504
6033
27967
30998
26463
46009
28655
11007
2238
9482
28737
40414
30428
41847
36330
11886
8554
1479
33730
48382
10781
28354
38172
24206
13522
25964
2458
5402
32103
40936
13564
17674
6669
23322
29674
39593
3254
26621
24890
5929
8456
49847
5617
37521
4228
36378
42263
23337
38260
32203
8525
18066
39892
10184
14497
42305
2945
18176
11952
49449
14014
28503
32416
47046
45093
19195
20020
49447
36520
25063
41307
49095
4701
25369
6340
15697
26618
2127
26547
12697
4501
44637
32567
32865
1462
12808
22034
27487
15876
34680
21958
31986
42691
14348
27752
16411
31727
37948
15278
29247
27569
5274
27467
7594
32821
25798
40028
44341
3245
20491
95
4771
2633
30427
6289
39957
3902
11093
48754
12621
13966
31880
20521
28940
1495
26009
45461
4689
22531
9760
6227
49078
41451
20453
33763
47117
11031
30954
38927
26914
26085
43425
30839
38309
37962
8127
46601
19290
22386
10049
