31908
28587
12792
47899
10139
33040
32519
40109
16528
14911
12120
36155
5921
33583
19651
2900
40444
10673
40300
24254
5022
17222
20678
22176
20341
14874
27125
12570
1844
26729
46174
9565
26673
14385
14284
4316
27362
48571
39214
41232
18907
18995
7039
43041
299
25088
29466
25955
33713
4268
44149
30820
9591
4211
4633
9512
45418
43185
43513
45804
26835
47417
8752
31910
14312
11867
37458
16921
7336
43379
29138
47991
3551
6839
48754
28580
47518
30972
23917
47718
48468
37357
13400
26538
18538
46314
43015
27640
3038
41267
43328
39666
9318
22030
35779
35641
1037
10547
31646
10814
18709
38556
4970
13618
36693
45392
34893
5400
1000
40848
13104
40230
9152
1616
10282
14390
19615
47553
9313
12138
10643
44433
25818
32619
40608
21061
13311
18274
48188
24080
29189
12403
33264
24449
25018
21691
42325
26613
42774
41314
31875
47617
49549
37966
14957
17986
45152
10211
41984
11933
24220
46217
37523
2762
43705
31164
30077
2397
8339
21211
16097
12174
43974
40636
22692
1703
40434
10240
30443
39558
18917
37205
18577
22132
44098
18534
41337
27602
41041
29640
11368
22046
25631
22392
19870
4012
21813
28908
22790
25850
1588
12026
6965
27742
34503
23591
34772
18066
33605
20153
30983
11428
25112
15501
34368
13041
20485
1461
41894
45537
12066
199
3362
31557
32454
20943
1992
9388
47424
18204
39425
38643
43870
23998
27662
31074
30395
14613
39124
7752
38489
5249
48217
17836
1768
14392
27410
37557
24095
45974
14951
13490
9139
22300
29516
39969
22433
27736
40067
2965
49947
39561
29397
45308
16578
39713
4309
6495
5966
28056
24707
17838
49073
40888
26786
8187
25176
46131
27120
25946
14415
4302
23128
24714
6510
25417
31341
8533
96
19314
23868
37635
8834
27195
37780
30718
34422
41144
49297
49744
48229
32679
31107
18524
13496
2102
48352
46843
26943
31698
46455
24199
21455
30757
22674
5416
32330
8104
17957
25613
29906
25608
34349
24722
14304
47995
48430
28035
41349
23066
574
16665
14906
21137
7850
20358
49715
23004
43943
2655
46327
5662
21627
4010
17660
12639
33398
38919
35449
32626
18862
10008
21239
14052
41212
29846
6672
11257
6989
25446
36459
10478
3566
41664
3101
741
15834
2179
48189
23269
16984
24217
32109
7280
34505
22097
11052
5296
20367
24609
14712
30837
5394
3915
15241
44017
49538
3863
45281
8002
44827
29365
