23179
24108
41870
26038
36704
33593
31335
15063
17979
41382
41077
30736
8522
34279
12461
33840
46896
4668
37505
41831
46792
30284
30532
16597
29716
26117
38480
43335
6321
30215
41820
161
19236
37890
20484
3336
6772
25819
49426
36733
1135
20921
26111
32235
729
18039
15694
39888
11567
43951
19889
25492
35340
9964
32271
44269
28377
37511
8382
28422
33437
13640
49355
30520
9621
3707
32893
17488
8417
22865
3445
15029
42654
32437
21208
15498
49935
48054
35158
39487
48584
27814
10355
18348
45519
45988
22475
42312
48874
10933
45517
39950
38451
8350
16981
31699
6357
10411
11819
27148
29617
32739
28743
13825
33435
11196
47672
7220
20948
28885
33870
6216
34666
24197
47322
904
17497
17558
16270
5192
9461
108
35428
30488
34363
41515
39161
47017
11053
33001
32727
20242
13084
6790
32625
8939
15221
4136
44639
45972
1331
6873
456
11635
817
14976
46948
49944
6043
27388
19326
8600
22948
19659
36122
14839
18265
29076
12104
14629
16344
9304
3674
35166
31228
38331
24868
1290
22883
2600
17152
41688
30694
27347
37692
22707
43777
36955
20869
17457
36861
10857
24002
46377
17057
34906
843
48510
40466
22497
41407
7936
11180
43827
9252
24453
8024
26767
27788
37408
46153
32865
49860
29084
26206
22661
18948
20761
46018
40480
39639
11369
46188
12261
40164
40441
11513
19971
43912
16571
40780
9138
39913
49201
21331
4563
31011
45522
6285
2742
2982
43467
43432
18053
38336
3283
42284
41431
48149
195
8141
42529
11407
41501
29274
21756
18330
30098
42949
117
7599
20331
12128
11166
16432
9707
49705
45357
39099
33195
44821
11415
5464
28915
17762
35528
19016
4425
37960
6489
34357
10985
26543
48954
7017
22016
35130
39557
35087
19662
45978
41423
35328
10777
9979
45174
21339
10137
42126
46312
9876
42679
26920
5581
925
37464
36648
42530
38738
40339
40371
43871
24116
3723
45762
349
14994
47274
10901
20783
10496
6779
49989
39143
3504
16859
24878
3421
12820
29732
31126
11992
4556
30573
7477
1066
42765
29983
1614
14248
29485
6605
28542
28978
38554
14625
21424
44560
18894
29351
46062
26147
15756
17906
43406
13429
11654
2219
14042
44419
36041
29742
48884
17827
44678
29763
31350
30769
9091
44322
20474
4825
19179
15992
37020
20735
7277
31262
22377
2870
17976
44788
24839
44978
12441
38313
1540
2881
42171
25051
6966
16748
19708
16003
29276
37414
41283
18745
21517
27466
12177
48197
46210
46483
5450
23555
39900
20340
43505
11834
48264
15075
144
5579
3420
4368
4295
11527
31258
37
9240
23357
44192
16671
25802
41103
34052
49316
464
31969
18353
25558
5370
17572
47750
45187
11548
30368
25581
13395
24638
8068
2367
37628
34230
17144
7929
45103
46457
2494
49533
22505
36852
23876
10050
21994
4946
21201
17509
47636
5064
49780
5371
32888
19753
44808
23658
19796
10591
45226
17993
39462
17664
28733
23752
49794
4116
42899
28435
20562
32499
20093
3226
48704
28303
33749
29994
33767
5920
42581
2487
10138
34387
21443
6195
