10400
13215
13184
1296
9664
36621
33127
12576
20459
31090
16499
18057
35316
578
38886
28954
49000
20489
29369
40857
13271
35181
14830
9563
46994
4808
12625
29988
36426
45484
11235
42457
29834
21031
35674
46626
3931
23199
13813
38261
8419
1347
4490
1709
14684
18491
36391
28982
39029
16912
32269
41925
13191
48639
34232
14745
30679
30338
24739
3050
49791
14569
11786
36255
46816
21197
15858
10948
33620
15107
42420
7343
44467
39383
5467
9894
6448
22750
41186
24758
31014
26419
35882
35297
28087
4028
18675
1673
41178
10837
14772
30436
37043
21325
37720
79
38447
13691
29407
31734
45462
2382
4364
42065
9114
22109
19965
8281
35513
25624
34068
22833
49534
17738
44265
31911
35795
9464
8749
21821
33399
11107
36366
24877
628
19337
34262
42592
25172
24293
6062
46339
42199
27116
37155
47924
14013
2580
46460
14603
3130
34484
45625
29394
39379
25295
42591
44091
1964
34130
33384
1561
16800
48806
23052
3109
13796
17703
10254
27098
44357
19616
17582
32247
23188
27589
21321
18149
24147
33656
45953
16715
6946
8215
23343
7944
26080
19139
8732
8294
41344
41371
48720
12882
9032
634
27234
40741
9452
2767
19863
8342
37693
43678
17229
22139
16666
6891
16949
33331
10633
49777
31326
22188
31386
15859
13246
19329
16884
13910
31104
46827
25881
34948
39003
37428
41656
21093
45448
18702
37127
3547
49180
48356
3692
9414
45546
45253
40731
18129
11174
12018
5232
14491
38678
22337
41239
45465
34185
13760
8968
22777
10464
8838
14225
49576
17924
20798
39034
32747
48023
48092
46164
41240
39978
1742
6453
3424
12537
22599
33625
4650
16277
17568
16319
6210
26976
32918
10404
28235
19060
30882
17607
3884
24766
15744
21759
22577
47797
44425
7222
36922
14548
45559
22908
35790
26569
44394
22166
36903
22254
1434
3153
24838
38432
26811
38320
7670
31366
46724
9078
16455
46325
11207
28400
16467
43286
24304
20413
24078
30914
28927
33074
4725
35597
8831
21619
49711
35515
40090
14587
40036
40998
43984
48977
27483
3316
48650
24991
17538
27819
30474
1961
20777
10419
33303
10996
48215
41050
25261
15104
17807
34871
4046
23957
49405
10025
30518
13832
13917
21440
44215
37898
11354
5671
36247
23090
22627
29808
18650
27705
48493
42888
13678
49122
38061
4631
35265
17512
31270
29711
