14095
1454
1817
18143
3824
37705
39384
20110
37307
14532
1847
26726
30819
14039
27053
18568
33259
26351
22311
42783
3503
4656
42013
19498
24872
2779
44958
29436
34063
2759
7290
45426
6526
42270
10654
13163
10309
15658
39903
12527
6493
44060
26118
47889
29945
18409
2007
40989
11016
11040
21714
10301
15375
23320
35898
28327
2862
7320
37838
39659
23119
12679
29836
17045
10921
19836
17871
43987
38403
20791
32193
2050
38509
20597
39946
48431
24462
35765
17887
14718
446
47229
38234
13539
16407
19884
21979
6535
15745
45806
28882
8380
37654
33444
10912
23823
10193
28335
8712
15857
24394
48689
29652
39040
44157
7775
46980
35934
33322
26398
3482
841
32567
7892
5712
49772
6558
22717
34606
31988
4393
9667
18759
40092
49127
671
45180
40884
24729
44271
23302
12083
10601
46139
364
12490
7260
3903
16642
20106
14888
35024
2860
12319
29982
36655
47510
19014
40791
1368
42855
36323
22842
2052
24786
9140
35599
44342
24158
29759
35737
14365
48404
2528
23022
13779
17621
2879
29622
5439
14902
4009
42026
3818
44617
15844
30194
33008
31900
2018
15584
37968
24280
25100
4789
82
27227
33327
44003
25687
28739
6881
34238
37367
10123
26175
14782
21721
14556
221
37684
13935
39773
17692
42807
18987
14395
9597
40206
25716
46103
33287
22525
14860
47
31225
3022
38263
41768
12785
27883
3690
13882
29275
8193
19101
21233
30482
47948
43560
3726
43811
47054
38027
18311
13684
20384
14220
26502
36595
16993
10621
16383
47690
27560
15549
4476
29546
6318
33275
49240
42861
33553
15204
18271
1732
40470
48416
49492
16825
3736
9957
43169
48134
40629
49489
35051
37526
28630
42172
26799
3623
17531
49113
33318
5587
2773
13911
11483
28109
25612
17429
2275
17008
10264
3261
6988
16245
23653
17007
46734
49551
23197
21152
43583
49515
37847
34440
10583
45053
46863
24967
42927
46306
6270
44427
15640
29632
4585
14685
30753
29584
27470
20392
46608
47465
48399
41487
6470
17347
45212
41505
46318
38979
47482
39036
1801
4557
26459
19771
19489
43151
19351
22916
4358
2645
41262
12877
47321
44999
29357
24472
13780
46545
28874
20578
41010
48064
29743
49804
38192
46859
12524
48988
35745
