4755
21603
11585
14920
47142
22992
17020
24620
46046
43107
39055
392
17382
25370
8860
20795
10578
14761
7803
24766
44747
20586
31649
43725
17128
23187
2691
29475
23871
37685
48212
5865
9723
32227
48264
10387
49507
36458
31452
13144
18760
5471
23363
45777
47817
24143
24872
19993
33088
11559
1051
920
15165
19201
39894
22369
21972
14163
2007
3023
4759
29195
19923
34553
46075
27018
10566
18725
8501
8810
1589
38240
18135
38669
36408
36544
49696
4363
40953
41112
19041
29359
19785
11556
24025
33269
2617
28748
38028
5137
40304
4521
27801
29928
38319
4445
9770
18669
49163
41120
37734
40126
19024
43099
4706
22848
20461
12344
41432
37643
33480
4483
22484
38646
22498
41771
5456
16061
12487
42560
28963
35965
9438
15069
38823
40022
12223
3524
22035
39057
7155
6885
15114
13852
42517
3866
39504
27898
13940
39926
19577
46722
18750
29543
47726
35151
43965
45687
28688
5588
8358
29380
35689
30809
3821
46577
31812
44917
2726
78
7061
3682
49540
8070
5970
18849
8129
7639
1562
49282
25262
2537
20480
38100
27243
30546
33254
25110
16744
24892
2527
18674
25998
19633
431
4325
2905
2698
23751
23368
36035
29856
3382
47287
10557
27954
17910
1788
30448
26778
10113
18399
31107
37966
5967
1325
5103
13739
13449
43768
25127
6840
37650
42467
9633
8309
42907
20420
11253
36894
25353
29652
37372
31614
34233
35408
19801
40011
48884
29185
16237
31661
6961
1860
26430
47023
14626
10812
17142
3440
21028
3947
37090
1873
31351
35590
38637
22178
17441
25405
10020
25123
12143
21246
7371
23909
17000
1930
21722
20293
46029
3526
41438
21025
15297
32450
16711
35849
49150
42893
47254
27010
15564
23136
28127
6849
30731
2713
31780
9142
23874
40001
28140
8271
7539
5724
21091
6308
30222
16066
5972
7356
41394
5862
31200
9849
39478
45773
29752
21705
17243
28231
10793
5981
1958
25208
25540
1158
13688
33705
39663
23605
5597
7602
35037
45054
21732
4097
45481
12017
18334
19926
4172
28462
20042
11245
677
41506
100
46901
36709
48938
22596
30845
41168
21102
49599
42519
10340
18128
41032
29857
17724
9658
2856
3822
21029
132
22011
48987
31369
29672
18267
11000
28015
40312
5735
8867
18506
33717
16257
1304
33931
13106
23769
34236
31416
26566
48936
38521
3794
29334
17908
19932
48350
45984
3482
151
16722
26578
39248
