15366
24032
33908
46808
38595
46494
1514
32539
40667
47353
47849
40880
23984
7073
960
38162
30630
2375
46023
39317
33897
98
18542
33494
43161
47323
43746
22227
16261
4045
29776
31052
29262
39005
28292
30742
13711
30370
38349
986
18063
39688
35927
43208
41389
45113
27318
22862
39448
17422
49686
11748
15212
7757
36202
40239
19862
40569
31758
45486
35452
27467
22226
11134
49774
35309
44029
20312
209
25591
40131
47472
7803
7703
9628
34289
7504
4171
1715
11672
37636
49682
45001
23310
12659
29718
44997
12093
12721
6083
3887
32916
10194
47117
25878
11565
621
31961
49933
41847
436
40267
44636
41241
20228
15629
26597
5938
625
28668
1410
18765
40484
23037
35194
36837
49294
20189
18498
25734
34554
17306
36614
19800
23631
20763
23064
8108
22448
13296
41529
36213
46230
2636
7655
47427
27514
36740
19894
47514
8613
48892
33350
48513
36683
43112
34330
4544
15687
6719
7327
48948
1585
15914
39986
43106
49973
10258
23674
9019
31859
11099
25420
31173
45704
9358
36054
37229
44287
49038
16713
7004
45916
3594
41442
41019
2085
28909
31811
38365
37672
43622
18999
45022
22613
43716
45099
18489
24278
34957
35715
41185
38361
40130
13315
32855
31966
4015
11176
6669
4962
21612
37334
4804
23120
47342
35125
2434
13037
5308
43904
47410
15643
27803
25845
31589
13961
21390
26377
16929
10494
35932
29355
32108
45715
10267
9008
34683
11287
32773
9148
7912
34965
29958
26045
27366
46696
15486
49042
13105
20832
20143
34249
14704
31103
38046
33848
32041
25142
35359
37634
46785
44201
33392
14124
18103
49863
40994
35055
676
38307
42242
19952
29163
13542
19081
46872
36895
24026
32361
21644
697
26545
16439
11132
10529
25839
32422
29980
48195
16292
48097
16516
32384
41816
26999
5230
20748
39517
37736
6395
9250
29724
20542
2973
25731
27760
29079
3033
36180
46611
2946
26694
45949
26860
36509
48118
23963
28446
18912
33711
20560
10959
45097
25233
36014
30550
11329
28378
27250
19896
24480
5332
31828
29455
40950
47731
32648
23671
30667
6963
48209
7347
23024
15055
34140
35635
36456
14072
22827
28832
45128
30563
40787
22228
3225
32569
27628
37805
8940
10350
23717
23458
25138
29200
13759
4579
24296
29139
42597
28642
26945
44732
29538
10013
38388
41347
10018
35695
30698
31737
19721
17892
33842
8715
49792
32871
48723
8863
3979
33475
10292
2527
45726
39784
41857
49165
39360
43398
21762
22835
9103
17400
36731
33973
11870
44416
32367
14464
3191
23204
11291
23594
34853
41173
6288
6356
22864
27745
1822
48924
35392
37691
22756
49631
19215
36408
39828
14325
6523
17058
559
31383
25729
36075
21245
12182
40965
40448
9780
7904
18877
44011
30149
26741
13620
12536
28497
5601
21349
26343
27547
23259
39821
19303
28138
21690
4119
38868
34098
19635
28069
25153
23553
11618
36890
29578
13316
7365
7973
20104
31753
42106
8442
25970
29042
12644
45092
49099
20203
44530
14017
39456
47133
42516
18548
954
34548
4176
27471
11493
31236
44462
24069
7853
8871
33782
9167
5903
44701
18421
38135
4554
26679
22789
29547
8333
84
21896
30678
30688
23740
10044
1950
24819
17540
21903
16747
3216
21702
21898
4621
35664
30923
25272
44489
27326
