26451
1891
48882
20159
31034
2886
19709
11425
43942
30252
21970
25177
20743
18194
25482
11295
7646
21709
30035
4121
28310
19009
27401
2002
17947
17679
4389
43961
36343
15903
37440
28455
31473
34806
24560
13810
36333
46089
41029
1208
21381
16916
16506
23040
4455
659
37819
13933
2594
29510
46088
2202
7174
12105
15160
44869
18589
34153
6476
38982
9981
2398
18384
26841
14000
39957
2843
6079
40048
17454
29004
23373
47923
11518
13117
15893
32047
38127
29878
1212
3497
13555
6799
31357
41209
30531
46676
6355
43359
49242
11630
14256
6323
18784
8686
41058
19347
42789
25081
646
3678
30023
20845
31725
13017
34302
27703
47738
15869
20593
15218
12515
23469
27845
18942
15258
3904
6191
31745
18532
26119
29413
21416
43538
31105
23019
19808
24165
2654
22167
586
7930
11625
19130
19568
19712
32231
18430
49062
13096
36349
4481
11103
49994
36772
33091
19810
25898
34128
44553
44015
45471
6433
49669
49962
9984
37910
15856
11440
47090
26790
19001
4014
6484
21411
47607
13856
1620
37971
49203
23694
14096
42891
33177
45382
25481
46622
16624
37752
22156
25381
13456
45917
26043
45701
9123
1758
37041
40871
33313
2341
30263
22527
20304
23138
38457
28328
39418
33864
9846
32143
35950
4711
47834
49722
19460
4527
13702
8582
35150
12966
8687
19166
19186
2896
1587
14195
37376
17744
3826
49690
36432
11461
6400
15580
40976
44905
39869
27182
38899
45190
22949
8163
13175
26638
9588
6918
23567
41422
14350
10260
41946
34730
274
33146
28241
14710
1424
23423
46025
35962
5254
33976
26680
17227
45984
23084
49600
48965
5286
46820
45533
7447
29872
29713
45325
28281
44216
4161
34660
9968
39526
11997
30467
42050
4379
46798
27485
49596
39055
40449
10197
40611
24114
652
47642
43537
41136
38444
22918
38570
38955
12216
31089
6503
23071
757
18435
5275
41160
35195
33658
44442
10112
41601
44317
7920
34385
32475
20759
46404
34797
21677
15153
29140
25168
4828
42770
5067
11826
25840
3478
6532
35169
28323
13383
45786
868
40642
35013
30167
36545
39340
21786
10990
30933
2569
44137
576
27215
14347
28555
29903
36114
49505
30454
34142
47326
252
28220
21278
3898
30618
33518
20488
13926
5594
33879
28053
36644
34004
25628
30690
9354
9660
37228
34586
7689
23318
47015
12388
23219
15368
4189
41935
13798
37143
23710
18125
16575
18244
42372
20212
8015
25406
35729
18468
13847
38193
15521
33527
