12607
8458
41750
43365
39815
14511
15288
30850
4547
34099
38927
40070
12685
29549
47949
15872
31168
21174
3909
15792
15034
7587
40838
13752
30787
46591
49633
25450
2082
27249
26173
46603
32295
35291
33320
12400
37747
7248
31108
40318
17115
41694
36293
43787
32233
3487
22231
26194
22135
43388
19357
34937
8692
43868
47996
5334
8814
23835
20672
30864
32512
36995
1160
47333
9800
7207
9771
2774
8521
32029
4443
1638
7568
26596
47828
18706
20370
28216
12320
19041
47270
45851
27452
16990
1980
35360
47763
29078
12823
41496
27564
43333
22622
21254
23143
46787
45609
28530
28636
11093
27699
12282
1157
39394
16710
37934
17677
49092
14267
2049
29166
28070
44250
28075
39593
17338
38655
47236
25116
12970
15609
26063
36824
14827
16415
46143
49263
45798
40408
11994
41856
13969
43372
20579
13133
573
2947
45966
46777
37145
2602
3425
48499
14849
171
15515
46906
41374
37743
29258
24569
47579
18949
28936
13360
11828
40512
31474
9643
22541
31189
37592
34836
18097
7274
40556
22355
44876
48032
33949
18167
26894
42990
10656
15710
41325
9671
49378
43999
45475
32111
33792
22116
8378
14596
27635
46005
17303
16744
2310
12239
24615
7259
47244
40651
44753
15089
9993
44820
31922
29350
28467
20359
45820
706
8138
42094
29694
35333
27460
14135
32574
20214
17961
21922
44381
36334
12442
15318
9398
10915
20741
25545
19099
41066
27396
5327
4602
20120
31486
12594
46951
19439
31723
45343
32937
1264
35841
18472
19551
10220
28864
12707
19825
4637
5885
47077
29085
10476
11439
19881
12478
33510
7048
17797
26650
5154
47764
31063
21923
44647
31939
12523
9514
8125
24233
36556
33757
7800
45221
28201
41133
28450
43847
27050
25458
42900
33347
34536
44878
6940
38772
41280
33955
44804
43471
41774
5224
2780
37775
3262
4974
41865
565
12773
49274
41988
2935
21902
38903
11603
13004
13119
7369
15811
18334
31041
7186
12974
12330
27269
24473
11104
1100
41493
42189
16632
3797
2942
11096
20221
13051
23414
14158
29532
3948
21993
1084
11743
26734
21297
22038
3440
6763
19745
33881
32760
18938
9849
32560
26341
23452
32428
34187
11072
34087
38911
22594
46300
11957
14455
40682
42078
37597
25308
18292
22202
13675
14087
30521
20944
31804
23995
24062
15563
13437
23303
42670
4761
14458
12409
6721
35905
5381
5123
14731
45047
18458
30170
27540
11595
46898
13674
3695
19409
30600
38581
25940
44245
