4974
8329
36237
44920
20757
22324
43580
40572
804
27313
609
49334
29443
6811
42863
26570
10530
47984
1
49414
43377
48628
48031
45037
33256
26796
33493
49022
44048
6197
8272
2228
13306
20092
21309
23957
48715
28209
19724
7240
14998
4653
1850
13050
49900
44086
27226
29087
47273
28046
11432
26783
16501
25707
46973
14062
41046
3886
47423
32579
18701
15407
11721
35621
20899
6431
24678
23534
34091
27533
7819
47736
9647
15346
32221
46101
11535
48917
47080
32350
30593
6727
619
39163
20377
43670
30344
15398
1373
47224
4155
35103
648
16215
30526
35515
10863
45881
32236
16999
6207
18962
44471
1897
24857
24389
3674
15616
35088
10379
17496
14502
21520
1014
12196
2968
39988
30224
9072
20698
45643
34351
40461
12756
28058
33394
21938
23788
13699
1538
21012
27552
45863
11935
7724
6745
17612
33409
44769
19862
27617
9274
32473
3224
18762
46528
5260
33139
4515
19808
15503
13110
21067
38566
5778
33812
30246
43679
14484
11187
48658
6402
42449
20933
32034
24452
2392
4229
35404
33481
41969
40064
44842
4010
45860
34432
17226
48994
32357
35261
25646
20387
12660
28414
39071
3050
5349
27116
31437
27396
27975
39981
4952
24496
3386
16033
37299
11522
9636
14075
38860
48507
37424
30647
16341
15508
9464
43823
21618
35111
25106
1854
41799
29290
24674
4924
2952
48446
30708
48849
27369
16271
1776
37311
25952
38594
27899
22116
37198
13868
19047
41790
24066
880
20160
6466
49129
16106
2868
42740
43258
21687
43593
46651
641
25507
33611
33172
15329
33973
27719
21384
17926
31500
26059
13238
17653
7674
47685
6238
30194
20931
23193
29413
47296
17127
6794
30828
17687
38638
5152
49754
40709
12190
33427
17241
5508
24942
33440
45116
17493
42076
35697
21461
49955
36298
410
21976
33935
19360
31383
26283
40026
4601
38316
17593
30903
49166
38230
45707
37474
43201
46381
17370
43267
34803
33337
19000
39665
49759
34296
12776
36284
31441
41242
18558
49422
42364
9329
42087
29887
20290
12088
5943
38383
2148
42044
11893
32372
37223
28709
18451
10580
22133
34245
5894
23501
28244
8025
31528
11383
37760
36764
18226
15764
47200
37442
2763
29110
23084
47346
20244
7509
44039
15973
1648
30345
28473
6602
29139
11324
4017
27553
25971
12364
22265
3547
34226
10668
18443
23759
1205
13048
34701
30482
2097
46416
45724
6918
14145
18638
18250
24928
41003
18493
21793
34456
44396
40332
42795
28339
8565
23512
867
30298
10261
23779
24649
49525
16955
46471
28333
27406
18298
16988
9477
38595
17961
7804
41733
24433
14116
40068
28778
6823
15342
49641
39920
20003
29897
102
42342
3791
29525
45106
29584
15871
14679
19891
28191
34392
31483
2553
37436
31300
3690
30238
22958
37364
16450
23088
8640
7042
24682
5828
23509
8193
17217
14604
49490
17901
168
16841
13192
14439
48062
12004
41415
34599
49832
43746
26407
43721
41075
30706
36441
34973
11534
39548
4205
46109
11947
25878
32748
40746
39805
37406
27952
47794
49808
22865
22792
33450
4413
20334
30767
38622
43245
42737
48799
159
42967
29428
32287
19755
24695
20884
7045
46514
6648
898
3605
7078
43352
19271
16052
36173
9856
16728
46289
12237
9974
24948
20251
21055
37044
16642
15693
38264
46455
12233
11840
49074
17017
17433
16429
28698
9319
23916
9442
21591
37331
25293
5464
33635
2232
30978
43785
44251
36552
45337
36482
46428
39653
25791
1151
34647
31919
2246
47133
14742
3805
35163
24822
6693
12877
26
27494
13492
28460
28793
29207
22768
39919
8064
30121
19048
40755
33776
38969
33651
20354
45425
21310
48008
37799
36357
35972
29079
23761
37865
2547
48471
2284
10772
7132
23231
30111
24610
14041
37739
27688
22778
26409
18192
17037
35560
4364
24126
4490
49517
25596
25630
11519
12422
47116
31659
2478
38954
39006
13570
17562
22326
37033
26511
33899
31987
24154
31440
10874
3539
48330
36923
49920
36739
32105
25751
22843
12193
13147
26359
24311
17361
27596
24087
46993
49535
18435
23971
22964
39329
11337
28795
24120
40119
19263
11683
37990
19639
39010
23507
41030
8605
16607
44545
6458
35546
19821
24921
6787
2892
21694
1689
22293
28645
30318
26304
211
11770
1980
36326
43981
29050
8660
32874
36100
43068
48834
41881
44858
30154
17268
34012
27618
48097
39529
30600
34467
18133
39149
45988
13287
17500
28801
17896
11215
42091
22697
3612
32422
19797
2802
1883
344
43299
47674
9535
19262
26556
18650
37923
45987
44756
39793
21099
19286
29232
13915
10597
22889
46336
17666
47073
20182
15316
3260
48159
29257
31842
3296
44044
22623
11459
32668
29679
32542
31974
14834
11461
44352
22505
44244
3157
34083
30603
19853
49016
5725
11582
11005
34412
3982
40481
752
20486
12807
43678
3434
6099
18477
12848
21635
46724
17744
43052
49453
46813
43555
38585
3104
19771
35667
11041
39888
26333
2807
42592
25872
28523
45423
49894
19874
14655
12831
36574
25148
918
32073
17042
24591
11901
20688
29567
2383
45400
5544
38965
14219
23150
28586
9352
32775
19219
24166
13946
45191
45201
42339
3153
15923
23396
30170
1425
4319
21227
27364
11120
25212
26834
37693
6514
36288
49690
42398
10767
32660
41954
31479
20462
45317
35069
17839
30880
9708
25590
18881
2572
21111
8029
1384
37245
45631
42990
39607
6474
2110
36015
26517
10499
7330
6571
45949
1006
29639
12307
25315
8495
44319
34564
18341
24714
47902
9346
19614
12389
22177
28924
40009
34165
49765
13235
14656
43156
21744
28816
21040
27257
40031
41581
6337
19243
49932
33780
9431
5012
20860
11412
14871
276
33937
45824
16073
9871
42428
40103
4902
48548
13603
49873
35244
16338
33317
49516
32699
24105
29799
35251
13387
19369
28223
1513
45390
32027
39188
31061
20983
2681
41093
49771
42123
5299
39846
7296
21578
35084
10132
36714
33349
32114
33587
21866
2425
41490
25072
5583
7641
31878
29692
8859
7916
8907
41825
24029
18925
42299
15222
41623
41728
21103
29982
17643
35102
25153
43961
46188
14501
37754
12065
31975
1339
16387
14003
16484
21951
45478
39947
17409
19879
47368
44130
6619
400
31683
2836
47030
34801
33604
3504
11763
11297
10651
22404
117
18871
34045
20197
15101
34519
45624
35073
36527
16583
17859
9908
9665
13421
43875
17918
10133
33831
33683
23087
859
946
44883
37507
44763
30075
36997
26134
11018
16191
15425
44451
22885
17960
47410
46456
24605
27249
9591
31318
43138
33207
42800
23298
36202
48444
46165
7714
7421
24716
11059
33505
36736
40901
28510
4123
2125
12633
29940
43932
43080
27889
24131
5559
