25375
6106
45455
2372
24252
19131
5977
24036
38806
46968
22235
13206
4690
30640
26647
28276
21760
15957
26735
10588
7993
12436
12344
36917
2460
34158
10668
10834
35500
31603
13999
14526
38124
2733
15072
25083
18200
8608
22990
8710
4486
3757
12998
14446
41469
26503
2298
630
32845
43472
27570
25195
17854
26560
11594
15512
1280
41446
6309
32261
43079
16634
5609
6951
7438
3294
48805
14523
31528
35530
2228
42870
28839
40385
47457
31510
6358
19105
1259
47361
48594
17860
6371
18522
28117
19979
49373
6380
35757
39250
34481
48964
27005
26486
23457
7596
12426
1337
10026
9027
45406
5680
43854
23635
36523
2075
4674
44107
10620
23586
22040
14644
318
44977
43225
25305
23803
15890
25255
10711
38181
36184
48233
22423
37184
37799
8948
17329
40156
40142
19760
42409
45601
17511
8386
48521
30372
24789
1003
15692
37981
29755
19921
28239
39990
944
14354
18263
2060
25651
48913
43795
46040
35437
32483
26541
12342
6676
20686
49721
23702
26410
11396
19192
10681
11915
44309
8571
13373
22041
34720
40498
17250
39962
29769
2088
39963
3447
15074
14255
38014
5365
43550
7412
33600
16451
27265
14844
14015
3732
44894
17803
26535
47055
9077
47618
9553
13616
42785
44695
38179
12284
3856
35712
15509
44134
8291
29886
41642
29913
28029
49204
27009
27073
42849
28575
22294
12628
35032
30745
21026
41126
5880
2927
31002
39951
20011
1439
25566
21199
31009
48414
28948
43358
3495
918
10283
15372
19763
1729
10986
21875
300
33618
32022
4971
29606
34337
7075
46747
11452
28300
7820
7771
19734
17002
2163
46002
4431
46156
40517
30019
33071
11013
14795
18973
7997
18161
24487
47318
27927
37029
22047
31721
4258
4910
30432
35925
48912
10235
23605
29002
8845
13526
26547
9866
17050
45228
36044
12458
33198
5600
15010
33815
14166
11945
21418
32203
24842
36381
36930
12394
46248
47201
14460
12652
28465
36387
2265
11208
34846
14023
17475
26003
24301
12453
46232
46577
42504
3257
7251
26682
28495
2332
131
32400
32859
1435
4525
37218
39285
35844
48339
34576
21145
3271
19411
17501
17739
11885
40822
19128
21333
38713
37997
48765
17653
10972
18085
7126
4362
26745
23961
34066
8589
14750
3188
46413
28234
34041
42886
3640
8713
35349
47659
16076
32494
36364
17125
3431
18417
2829
32255
19291
47288
41753
27082
26777
31333
44275
46289
37580
43633
15411
8216
474
37835
11024
13036
1446
44243
42397
37011
45669
26754
42037
41594
10076
46401
7556
15866
8182
34088
39655
22636
28203
6920
12694
4433
1040
29348
10278
21220
19672
31169
43872
20316
165
45863
18131
24174
37197
1006
41409
15772
35044
10067
40911
34183
15058
44223
23410
49363
33820
33651
40391
26761
20131
41176
40853
