34659
7388
28576
26397
41704
22466
37952
17980
1318
29171
16602
17181
27263
33941
15467
10544
12101
27547
2028
24237
5194
29003
17242
4098
31430
19146
28893
3467
44333
13974
23051
21649
49044
18485
32510
32738
39235
26386
19120
25032
14811
28384
48590
20058
38872
25868
35443
1387
24587
32651
18766
62
20109
43815
15574
11183
34525
36802
43894
29853
6453
44665
9865
15750
41374
23770
12550
1333
1793
22838
47036
31118
45474
34472
27013
2561
3601
1147
40847
48221
40973
15713
4843
5189
20422
25938
45199
31676
11655
47693
42231
24772
24975
38944
35117
46501
41156
31088
26131
16735
11290
36474
27677
39502
21768
21123
9419
34004
36609
35701
6212
5891
37878
28680
27480
40828
13028
14882
6548
6002
19149
378
26812
4739
25681
44040
12411
3059
32665
6120
26514
41045
36500
28501
49021
48065
3950
40043
5665
13822
47227
21089
49039
15128
2333
25097
2366
48841
33932
19904
37745
18309
39874
7707
33731
4972
26641
13585
33627
9207
29024
23095
16377
5399
323
4663
28095
47864
8981
20733
45212
29528
31093
15706
35833
28641
6007
21867
16569
38900
13300
1080
3214
10955
33430
17173
35860
42387
37848
10404
321
27500
16453
5761
33573
2413
6860
7889
32697
37326
38901
17389
19003
38159
9409
43915
31156
25442
49530
29183
26222
45736
16686
17730
27469
10637
12002
29597
13587
36974
4962
12477
10635
5971
22775
17983
44107
20028
20167
20815
40801
13574
39255
13645
44812
6421
39861
8319
11169
46693
21718
24763
39763
2831
18803
10594
24410
49373
3778
40881
18170
8800
11243
26531
47710
3278
23683
22051
4048
10657
5262
14362
25423
18896
39760
18985
16987
20873
41681
17250
13407
42011
40378
28808
14414
41286
45169
15831
26416
24646
19976
32914
42217
5336
4129
7237
43210
17790
9628
45561
39695
24423
12817
42827
49671
12587
31179
5122
47830
38013
20626
10058
11500
37248
13553
28665
7569
46865
36321
42111
3831
31323
47989
43892
5403
23116
4812
18614
17396
19766
44929
24731
12937
33521
20165
40092
23439
22669
25482
31418
32811
26474
32843
13895
43113
17764
44862
25100
40017
44527
22389
39313
41064
15137
14680
45210
31372
36466
31873
21824
11874
37480
16118
20842
20575
38737
4986
21287
35992
31835
16707
31522
20749
25763
32587
31454
17887
30881
28342
48743
28556
12591
11465
21944
38277
17847
23394
47100
8818
9418
43559
8394
3573
24764
18217
229
45023
20000
17032
12637
47867
10435
23066
5640
42430
17731
30887
35700
25436
41878
30348
25852
8874
5095
799
40217
18568
12636
37752
37017
41548
25387
6891
13736
40357
47392
45921
23552
14723
40151
11946
31699
26756
23841
28368
32650
42823
13726
37374
32336
46962
17760
33321
19687
7108
32032
3179
6345
5100
26394
44191
8803
28314
42303
46162
44530
6291
47687
23502
39169
9539
1021
6210
39215
41695
18472
45665
33609
