44644
41024
15889
2792
7481
23606
12431
16599
8334
34764
39917
44784
22469
5580
38256
44662
8570
35926
546
14930
18782
41350
27973
28750
4154
36880
11177
36540
2867
45259
2977
30367
7606
48497
33034
30034
10782
31753
29811
22
13259
21395
21510
28194
40689
2908
13156
33778
2286
42624
39719
42280
40010
38792
38778
35863
20176
46951
49286
40721
19731
4028
7036
31037
8843
4697
3454
48406
45596
42257
1928
31739
48386
38027
26285
29851
38326
29061
49784
7605
16112
26539
27305
28494
20928
38854
33655
26940
37176
36344
8362
27261
47636
42328
17300
23189
41698
41330
3793
33875
43767
24232
28765
12009
41360
22967
1658
33964
27784
44518
11242
12201
8061
36234
41780
3857
49237
35008
16145
47761
18052
11454
3581
26016
13905
48871
45518
25019
28395
35901
3744
48682
41971
14872
31429
13911
20981
6143
17341
16336
6053
43114
23556
34070
33699
35939
45794
7290
30030
3378
20567
18200
42715
5040
15896
44948
36838
48542
26550
18817
24786
12865
32520
14034
2163
16188
34671
22726
24231
23521
21885
7284
43690
28810
5307
43391
25565
3713
15976
39070
18368
3476
43566
37898
37958
44268
39073
26224
35588
42160
23796
29486
15987
18657
9846
32772
24527
38504
41213
11550
8913
45875
21790
20702
1656
22819
23399
32404
13217
27885
37918
20343
21275
20357
704
15733
21929
44289
34679
41177
24698
8389
36386
5684
28073
4659
11831
44022
40402
16679
16669
28560
42644
22538
10026
44421
4529
14524
35582
27869
22919
14251
18656
333
41398
30108
48455
31077
37687
20956
21754
46679
38880
44266
32438
39656
11198
8310
40150
41337
35691
561
8095
21380
19278
27402
42274
5729
46070
34131
11712
43879
19625
49721
44138
37489
32758
46146
45894
19613
729
4082
24216
21440
21955
18907
14557
1488
19800
43950
17197
39903
35095
22875
9005
11802
26317
13374
44435
14146
42276
27820
30696
25385
36658
1144
30340
7468
20501
5846
19028
13613
20511
45491
18173
43893
2213
18964
18428
16972
27160
40083
49738
10389
7483
39625
8588
49769
18726
25033
14827
2130
34449
35526
34967
49181
21590
16156
28842
49707
11937
14978
43030
35221
15566
33580
32636
45728
