1917
21892
49830
30661
9171
10802
49770
38058
40195
17446
46525
48033
21385
47765
35254
6290
42606
28512
6832
11238
4856
34698
10275
8069
39532
2300
10434
13320
26769
18447
989
6907
34345
22937
49101
32006
29469
22322
42366
12476
25328
27869
48247
44787
305
38409
17561
47490
7925
46526
8684
25877
21410
12736
29581
34544
25623
9669
17646
43216
6898
30551
36264
36778
9528
28322
22071
13225
7291
35996
20720
26654
17190
18114
31049
30836
5180
30557
39094
7101
11059
26631
35553
17547
41009
12208
31838
20836
19526
30641
38008
49550
26039
33025
25837
35814
26549
35473
3813
46059
4806
35661
7464
3696
11519
26774
38487
21846
6003
13822
10065
43043
838
21792
41355
49761
43417
31975
24642
43814
35758
23878
41064
1553
14781
32416
19844
28547
16605
10969
18724
4862
15599
44211
28732
40329
46821
27988
15702
35182
32052
26516
46531
22951
27904
4458
36008
45584
21894
25387
21858
27914
24207
22141
37420
2545
39385
7268
24925
14228
15064
17651
12143
32166
27509
35061
24243
41712
10678
29553
7388
16411
45814
14560
2795
34324
33104
12494
41463
28041
12914
14466
7253
21482
7483
541
44210
25541
46044
34858
46549
24561
47562
703
10913
28493
37291
11246
26101
6960
18030
20765
42424
12885
45069
47629
21122
16021
44023
32952
43482
20650
27695
14465
16529
39450
4378
49571
46880
16322
22897
37186
34634
3893
22316
17018
47819
17800
10749
43192
42883
24622
49788
19534
29424
45765
9598
39843
41397
22171
13382
22697
30943
8919
5732
19819
33141
40018
48890
14485
29089
46773
33032
3212
29644
24364
39804
39539
20947
39372
16774
35733
4811
12798
8352
39638
20849
37948
34549
17552
23651
23010
40543
14889
20483
7108
38292
15867
10132
38861
27843
26800
38762
15904
43769
7720
44795
28804
42521
25059
41427
11137
48096
6344
30476
40436
28433
33029
27645
44221
1227
37272
47065
34508
41417
519
45387
932
12814
16497
670
3883
19213
17332
3328
24067
26365
48304
18217
19152
7605
44378
28153
14424
21082
29288
15932
5983
21805
27402
27867
11159
29760
1761
17570
42808
43515
24779
17017
35249
459
17659
40719
15534
13718
22387
20202
4440
7827
16226
3427
42596
42564
10252
8691
46253
47331
18936
47380
37585
36807
24303
41677
39046
22666
42416
3870
4338
23238
48733
41761
17424
14699
14307
48020
6058
20200
27290
26018
10830
21505
38880
18082
33727
49384
48253
34207
3061
40236
21189
1963
23293
19833
1973
41470
30599
7747
22280
36791
37317
9104
48396
41674
6625
45453
45142
2421
26890
17021
37789
17965
45184
48974
8450
20369
30929
15487
36981
49924
26917
42091
