16457
17192
34185
48228
35682
35829
18088
27724
13520
1875
338
47857
25226
43369
7937
31889
7653
35258
26713
42704
15789
13389
38644
47222
15261
48214
11531
32938
20141
30140
13727
33007
15834
116
18130
9061
34728
42446
24613
13941
7665
48966
15772
25398
46233
33852
27303
31960
4947
47858
4374
17622
46405
30596
5510
20276
19623
6946
4429
38928
29071
29051
43427
3362
16139
19451
37161
10978
36769
31631
34921
37157
49427
18032
7908
18649
7759
7507
3094
45604
41932
23006
30014
32739
29023
36007
24571
15472
42509
35830
4073
14793
44776
42043
23466
46497
45673
