35908
29256
2551
11408
37053
39047
19121
12272
12419
10259
19673
22868
26250
34813
44279
22518
25057
14473
7510
43175
47954
9921
33562
2948
24964
38567
32378
42953
12593
1770
14631
5312
34086
8069
42812
40608
7515
48021
41903
33170
30521
13089
47484
45574
231
19870
34020
2850
6211
6080
7080
33459
9273
23652
21998
48304
23558
32566
49343
24211
39829
17583
15270
31712
48705
32688
13525
8822
11915
41363
4997
49802
15231
42758
19775
789
15674
28875
32658
8968
19884
15265
34477
18573
21770
31513
43213
7963
4
27137
45545
20796
28611
27368
20989
30163
43864
39443
1431
17767
24238
25491
23633
33004
17402
1210
41541
19417
17705
10650
43476
35036
14745
31945
5691
19113
33324
3003
15391
15328
46240
36022
30607
45268
38494
20302
21668
14096
46296
32271
17448
4741
48466
29657
9314
49482
46541
34819
7219
22391
18249
48016
45446
23851
9010
13884
45939
15671
14586
16553
21206
11191
18099
26623
11281
14988
15936
18662
14706
2872
5681
21900
45648
19453
18677
25562
4151
2788
48806
32975
8842
35435
46904
2102
25940
11594
34998
44707
47534
38300
15199
45986
28757
1612
45029
7258
4242
12517
14765
9383
38506
5874
36759
4280
329
23206
24893
19876
30883
47060
21575
7427
14059
40855
33114
10590
20126
16094
23022
5355
4870
38851
551
39066
44270
49570
43255
30637
31299
5657
34188
41345
6137
46924
18429
45462
34126
15760
10703
3877
38407
13640
37337
13740
14857
16783
44955
49827
13814
6864
41012
22210
38062
25333
46562
30492
14757
14660
21930
38335
36490
20389
32074
44659
39609
19361
21569
11517
27092
36630
38235
2747
49652
33323
22477
46133
2825
41171
26900
876
18389
1752
21816
13656
12134
21065
34724
10109
41241
7496
7119
32156
34665
39203
39323
13843
41366
29808
42817
1455
16077
36339
46412
44004
11291
44217
19235
27962
26130
18342
9155
42179
39720
9385
14385
24268
44113
26786
7212
23511
36063
19516
13117
12798
12027
39145
28491
22379
27623
16245
843
259
6000
8097
42693
29444
17492
48527
40209
13561
39098
25941
4617
19955
17696
27737
19167
924
14269
49441
1240
24790
963
33068
21346
14762
27815
30885
25163
28835
5728
10204
4681
18054
37670
25355
2490
44043
35574
9432
31099
6170
21994
12285
12321
42946
6868
29659
7816
11392
36663
39429
35223
48176
23053
4308
7272
14112
28160
10720
20895
20522
3903
26471
41619
38835
942
33911
37252
3962
13317
42843
14915
36208
34645
45906
4528
38046
34747
26305
29104
20257
30545
37382
18049
46398
39824
21451
11530
35180
48442
35001
22594
