5045
29107
48480
22902
15930
21125
4318
13198
23146
34495
21561
26688
39416
14574
31540
29022
49132
3392
506
8009
47605
39791
41817
1841
48826
25913
357
39431
25838
33373
17385
16559
13477
9051
21074
1001
24170
25521
1063
4270
22136
47371
27066
39418
46897
27341
41776
42378
17134
44950
35389
43994
36617
49654
21752
28598
18609
48783
14642
40908
19549
22769
11385
41244
24706
24420
29712
32126
34309
42352
3673
23911
29986
23029
20849
33106
8287
43970
31596
36646
3036
3255
30782
49090
40627
15666
19126
36385
45038
15418
17411
5323
17145
12032
37882
16884
33715
26528
43956
5721
44458
48928
7001
22921
31048
20428
17784
46523
13159
18464
37314
18406
8852
7526
3789
3975
38140
45626
12472
20902
8755
4550
36418
16284
39843
14835
8412
24703
19234
29815
40148
32966
4796
47803
46427
19836
39062
25301
35252
36061
44497
5794
3963
36889
2743
28332
6630
18819
29947
7006
3118
12589
