29576
16799
48677
23698
24986
21336
45380
5423
47599
3179
3007
4559
45493
31125
2495
33622
39108
9204
15814
45216
16243
15229
7264
37849
7699
33239
36050
49456
19062
11653
30165
45716
17725
5023
42796
24214
41055
28165
11018
42271
16077
6367
36420
25695
39589
40128
39840
36150
17492
48560
2744
32149
943
3946
30620
19077
27704
31769
28529
24481
19822
26550
2021
41472
13268
44432
17720
36452
38417
43016
44764
28449
9119
36600
31377
36757
298
6153
45882
43416
25454
47746
44289
32345
9350
33999
48636
31191
37292
2297
17035
22075
26574
34078
10897
40232
15309
32936
32821
15955
19336
28878
5188
9263
28898
17445
25421
28418
9082
28781
46826
35821
21859
14274
8803
43497
17974
23935
48112
29720
40926
18095
13331
10060
25125
10140
6418
42153
33872
34181
32900
8491
2826
8598
14566
7098
48938
4846
49528
4590
37196
49579
45772
44443
39047
47445
34630
27093
25410
35610
46886
41071
46225
21615
17408
21782
25344
22605
40010
37962
32712
4167
2234
32245
46251
15485
867
19523
17064
49349
35755
16585
10202
41255
36781
12110
40166
