7227
32559
49556
41069
964
34677
14206
34901
45417
39309
39406
24010
39302
43132
26744
39240
30036
29709
15929
45108
8914
16958
15538
16775
8828
38305
779
3999
6535
5741
49438
16646
7400
34249
30867
39348
2149
40267
47651
1712
10725
32281
42567
48544
43413
17721
33265
41299
49180
25281
4267
13
39758
43556
23105
25603
37800
39236
43610
17642
35577
16695
4288
3132
32000
41409
47360
21467
28123
30654
28049
27086
15808
45222
44462
30519
33455
41543
31607
14231
21044
14664
42013
4482
36049
13621
15321
27119
10669
42955
23120
36653
24282
10889
24227
5977
38094
39328
4054
33885
12546
35023
39931
12151
23129
32063
19763
4992
30683
8702
17116
23492
48105
34988
39688
10356
22506
42112
2983
26203
20990
7744
26642
39884
5667
9030
39938
48911
22471
487
26275
29831
31125
10704
2288
27664
3543
38000
3819
41720
14042
40846
42331
18359
22408
28959
44419
46365
33479
22793
45601
14511
2606
34880
11374
9996
31248
10970
32399
43782
9851
24956
48369
44922
5515
41010
21745
29555
30644
11328
49358
33227
6152
46104
25581
28138
47483
45344
35597
49631
30206
42790
34068
10926
36266
8341
30935
12266
30376
17216
13566
26546
48385
17328
20153
48983
40172
2143
18151
36690
21202
18346
32065
36516
42755
32682
34660
10305
4888
23204
4761
10399
22675
34333
42383
47202
48347
12056
36895
14576
13016
17821
4927
4833
27563
41357
25179
13787
35356
7625
20679
30827
2368
34766
19725
34240
20074
8846
7032
29593
13367
26930
48560
21585
19462
19971
17447
39946
12225
41534
11967
49882
34929
22879
29293
30923
6886
38382
6443
12956
36949
33325
23941
20894
3492
46426
47279
8569
48845
40961
24935
42513
43238
21981
6385
48128
27913
5106
21848
18494
34580
46560
18396
10474
17956
38742
18073
7792
25290
22603
37178
3602
1322
43659
28250
11511
8590
36053
47134
13488
46613
26851
38346
25807
4842
25073
7459
17916
49304
39616
22953
35902
29420
49151
18489
5705
32468
33151
19967
18094
16259
49037
46632
37600
7223
17982
29063
22604
48311
3782
40696
42544
8262
30239
6195
5038
17464
12379
13211
11292
24554
27218
41544
43573
30921
19192
13181
19386
41884
17223
33984
35678
15781
6629
16758
2009
36169
12893
6911
13340
45162
4042
24390
38750
20430
9015
29956
24549
42218
1579
27150
42423
16977
26020
34971
18567
23230
37912
37289
19605
31813
6660
3326
31697
37431
25985
24538
43953
38237
39269
32228
34186
13715
14257
