32585
4310
38365
46840
718
18549
3052
9904
21289
12496
25754
22222
44371
35587
14726
34286
5611
23293
37913
11167
39854
42973
23130
37075
33471
2268
23209
38369
40133
10832
14070
10994
48942
20344
33515
21690
30597
37904
18026
43192
13781
1714
17708
15980
3946
32206
21751
49385
8758
40177
44061
12435
48694
13450
42487
17043
25919
17862
18741
13277
44187
42889
15186
9751
2750
34435
44112
27151
6249
31150
8997
21086
31098
46139
2078
977
26942
4585
18450
24505
20483
40003
4244
4141
38699
44361
2739
9013
5495
48584
4373
49940
40772
44693
18708
13416
34686
26180
21843
11170
28187
20991
47964
24304
37664
24593
33619
26450
21034
15562
17398
29134
48864
43165
30970
1527
37422
15817
42228
34095
12933
6842
1465
30010
49698
30874
11095
13273
10127
20454
26973
22756
36136
33290
17457
18514
45321
24094
14949
12505
5986
27191
44860
39165
34256
40463
26387
7423
30758
37086
30095
32130
26611
43748
24539
31197
19522
19809
38660
6376
33344
25269
6350
15610
4327
25950
24345
48129
3123
20292
26311
14789
47218
118
47730
14071
36291
23445
18682
9169
24194
4133
12092
14507
4437
49
780
14515
44475
30483
12294
43852
3391
41526
45483
9886
48686
20744
17307
8641
29465
23964
39971
36498
20118
26596
30957
10038
282
42485
48343
25200
46676
35354
28986
17399
26784
6343
44024
21746
41613
40090
17305
10111
1851
42198
29901
28824
39153
35822
1303
20792
44783
4608
40719
31488
20864
49905
30853
16530
