22348
3369
36709
47302
7806
33858
4680
45730
21476
43317
6151
20238
5990
5918
37296
2078
16144
46108
34667
19549
8152
36475
35133
49808
6693
2592
8891
29545
3759
3015
31785
43383
42036
5028
35382
11153
49482
799
18946
45421
16602
35638
48781
33058
26612
15393
20569
49281
1885
43175
30777
2819
22634
32359
46664
11163
31914
20076
34711
4298
36585
10114
6473
1666
23290
15973
3409
12838
20584
32061
5374
29603
5348
14065
47740
27032
44076
18006
30546
13210
45874
31319
4952
31344
20726
10944
49244
36853
15918
29410
25771
25669
10446
39004
13414
45657
17071
28701
19736
18398
47786
22127
9206
47233
41187
18986
22752
27387
44686
43508
11484
11951
8373
20112
25438
48262
36838
44546
13413
42010
6840
28357
9282
10219
279
8782
5246
45279
1092
1015
12234
20186
1249
10791
21062
7994
11290
44540
45335
30880
26256
39608
11503
15717
9497
39916
23744
2217
38616
22079
44515
13190
6298
20240
9569
22352
23441
39296
45676
36479
6174
20234
5696
11534
24398
47166
32647
18022
43638
29902
9575
2646
49888
7328
25816
7553
44002
14366
14547
38265
18418
7455
16503
31983
30917
26181
33288
40631
13205
16535
47050
26272
23213
32039
19687
25505
42033
18965
40846
20450
23169
25601
29197
18245
36380
33529
38579
21166
19937
6815
8037
36812
2961
43797
45443
15363
17138
7458
6674
27649
5850
4118
38513
23178
4468
32696
4830
935
32629
2805
32290
22878
9277
13299
6583
27683
46243
19417
30327
15801
5863
13769
19895
39395
34457
2998
14677
40
17183
39438
18191
23460
5815
37982
44681
34173
6319
44144
17537
14655
42367
44415
29504
41113
47039
8461
19042
35458
49024
32907
12841
43307
37757
44112
30722
15287
35984
982
3438
9961
36878
9259
9190
5288
41258
4882
20075
18797
23889
8825
1623
21024
19519
1977
31955
26589
9967
35876
37710
38664
33637
9938
19552
11385
5726
34009
8864
36606
40352
38630
34803
37084
19608
49769
7516
48498
31339
10540
31496
28217
33046
42539
32180
22055
35138
13231
41553
29080
13082
2716
27857
18726
38089
15330
15454
33218
10115
43139
1933
48773
13260
35760
22086
44171
15573
40694
34532
23257
9251
11873
3897
47658
27605
29548
35601
40197
5827
40418
32557
9766
35503
21509
2719
11784
22100
8369
14457
21775
41704
39621
28359
21537
28690
1681
28942
39090
38873
32486
16679
22302
47188
34458
44898
48899
34090
6899
42767
39116
18637
25441
10361
7939
3465
42266
1510
42283
19842
47013
4884
48152
17246
17162
14539
19321
21959
4003
