35256
48799
22434
4852
49173
10962
47279
26698
27641
18002
26137
7389
2910
42894
27327
44301
41733
1404
18492
9185
23234
46035
4479
37183
48786
40011
47245
16663
37306
25988
46804
5465
23839
17027
22298
29853
30662
12406
35406
12347
33160
23315
45627
9287
40609
45813
30664
36094
49097
8836
3377
2874
43364
24377
8336
22568
11371
4395
15962
17234
9487
25982
22059
45739
41538
17604
17481
12381
43260
21613
47391
34070
2130
23336
40396
42524
48165
12383
20344
41626
21367
34826
4975
4628
48303
20473
39449
33832
7715
42975
17702
30619
3020
34382
23111
12810
22203
7878
23644
30299
30283
1541
33349
21169
46634
40872
2032
17718
11814
28200
14835
33080
1568
10684
38376
34096
49480
46213
25663
22285
15471
28718
24176
21303
16488
18346
579
25408
43558
38182
907
9770
33753
38810
26807
41254
35184
15317
2955
30287
9534
46024
19356
86
11962
41789
32504
2118
45157
28268
23360
25068
49438
33478
36262
30161
16930
18638
863
47107
8110
19595
17503
28598
29568
15633
39534
35033
17124
709
11663
1174
42604
19418
20642
37715
21116
7229
1983
6198
40708
42485
24794
9261
24118
20980
26954
25846
43363
37590
2320
463
4701
26195
38631
16431
46640
13740
13914
18899
4208
16307
34117
18645
11308
4266
10383
46433
46165
47908
46628
44446
5958
43533
13393
6543
39746
4423
12871
46835
27271
47029
9645
26199
49308
15125
39943
34400
39824
24059
3650
7058
32004
32352
25128
8411
37640
27139
9991
9339
20456
13736
32546
46239
11693
36497
6824
46227
16241
48617
38128
5204
3892
24815
39037
32179
17261
2565
10151
43419
1359
42680
15703
13853
32522
22979
30491
7983
19375
4470
17799
1322
43449
20283
6121
23484
16138
48706
41168
49296
36546
3025
48421
21311
42871
4932
27270
636
28333
44989
32802
29255
34996
22258
15796
9237
43086
43448
40713
44710
49719
6173
1820
15615
35498
47859
6179
41560
28652
15566
16304
4935
25896
44844
5563
31376
8170
46344
42742
11217
29638
48707
657
41793
20414
31687
30997
5148
10676
9400
9081
1824
41139
5687
41504
10936
10544
20335
27859
39165
10875
26400
13516
24122
10057
46782
29115
48250
290
21765
12410
8063
39606
43924
18423
36182
22007
10072
36311
28419
3494
18419
37583
43421
9274
23958
30270
16811
31617
19063
13238
29158
30399
283
41376
18525
22508
42972
49250
3975
28753
40944
28553
7657
558
26705
18096
11629
28202
34855
27596
7106
15761
15367
1648
36527
31749
22770
11944
24104
38938
4820
36874
17372
30487
514
45695
24229
28072
34873
29990
26370
20461
34282
45322
36660
21514
37661
27771
9463
45792
20067
13866
307
22531
16065
4831
8695
22435
9429
44345
25253
1644
12749
24861
11495
24231
13636
28380
26718
29125
435
9502
33488
34629
38
37359
9038
33953
6209
49906
28823
1065
18342
23527
37070
28861
682
42760
