25323
4080
3404
29664
48606
5161
19400
8728
2400
8693
23177
27263
35649
13132
16367
28129
16181
33078
1128
22371
27811
29527
14735
26431
36308
31155
45346
36985
16318
20693
5583
12028
13774
18850
24338
29015
38006
1606
33486
37235
48292
7793
20147
46533
173
20400
4855
27660
22498
874
34890
22799
32498
20206
16099
26715
48335
8368
38308
34467
4857
12784
31494
3249
9950
41491
8206
10507
2628
23288
1589
30267
26897
36360
44868
33449
9496
16510
21105
32033
39977
3993
2700
35086
2698
36820
29156
9069
12861
49708
38636
18474
24607
10312
27170
49439
28894
6308
26488
23346
22684
1457
29784
39014
38596
11193
36144
10450
22214
12726
19664
26258
43429
10655
18427
6713
21244
45091
39563
32458
40733
29390
17919
46866
29026
15351
42111
17356
19221
30838
40016
37687
15627
31560
21196
43426
21425
7341
29791
10533
8885
40268
14848
22740
40740
8252
24084
27737
21290
41388
41762
27398
28613
2985
34727
49108
47978
6211
13216
26981
2971
10218
16401
44024
36173
19048
9559
20426
41650
14139
16595
350
44538
38620
44296
43122
17788
47770
18672
27562
31530
21391
8574
32803
32818
19233
6703
19467
12765
32755
22927
18806
45737
30624
38319
22784
864
15138
36847
8357
11248
44260
45612
30494
33866
11131
42394
30064
24329
47865
10640
8028
49171
790
4533
8716
46539
48926
48070
49190
14694
38207
32693
11267
5373
45713
31517
4883
26337
30403
17159
45464
36945
45023
47666
42771
33967
2189
3773
36498
47261
22
38421
25435
44569
38329
5912
2633
16204
42136
7121
38248
23388
34789
7480
30919
41361
46097
20521
36607
44615
13482
14066
3801
36466
49346
2489
1063
2555
44218
9160
34977
8205
38937
4741
10306
34074
10456
31036
37603
39320
20902
34109
44592
18139
1382
2588
5191
3506
24780
26416
13986
9355
48679
23359
39585
36659
47061
14897
13980
35742
18119
7366
45947
8596
6754
26276
23977
28305
49310
31618
27984
15133
10484
36940
6467
19682
24966
42059
12942
48353
2520
15828
8364
26375
47382
33779
45276
14708
48420
32706
28367
23583
40476
17076
14316
46846
13746
9149
8147
47494
15729
4672
14358
37092
27137
17081
36580
14909
49901
38574
31223
4872
9182
18914
45681
11418
24168
7656
3599
9221
48601
35663
34927
2433
19045
24741
37902
48589
21268
4984
24747
18872
12272
27151
28221
25426
41269
19177
12369
5072
6614
44347
39718
8162
5611
31046
16133
48390
7594
4435
25345
16728
17136
48827
32870
