42130
44837
29174
29619
4724
15708
33138
33358
18806
49495
35747
19407
7543
8435
25711
43296
22184
3405
24239
20098
6095
1679
34369
42271
10410
31339
30962
12226
42377
9976
38282
6776
10034
36273
46895
4553
36277
16364
1715
46736
10893
29395
14424
31250
3233
27200
49572
8182
24785
15005
40362
6730
42700
45285
17903
8019
44128
23787
17485
36841
28014
22864
15603
2113
32432
42425
29895
36297
7354
31622
45219
41843
20746
29467
36503
25348
47025
21987
35260
30331
49536
33639
26764
44381
42801
15573
3851
25280
9053
44407
43077
41349
4802
4051
29614
25922
20298
41197
35935
21401
37803
15744
33906
42925
882
42115
47680
34101
29592
26204
22055
42872
32952
16494
25810
16207
41183
34009
35294
22119
41654
1729
13361
39087
43599
46333
1227
16005
41169
42102
11117
4819
3457
42948
7063
12667
16543
3624
47579
32760
22062
47891
19903
36221
28859
7844
26498
37866
48640
33578
20318
27611
28313
22024
5499
12296
28298
43577
40317
7825
48631
20785
49849
13323
24026
20971
15911
18644
31283
23550
38313
18360
24972
47182
4534
17930
48569
33083
21724
4181
19307
47308
3784
37253
4341
49361
47853
40514
38356
36975
9228
49025
12680
13816
35062
21721
44239
25013
11130
47666
49648
25824
346
468
38308
3044
17599
19909
38703
14239
44199
7368
17587
45422
46137
21950
2290
5513
12125
10538
29033
739
42818
33897
11195
14103
23315
31322
27787
10911
43184
26960
11784
41726
11606
16225
16074
30842
19140
42064
34111
47333
5988
10685
12827
47572
15988
41379
16680
14526
19644
305
26248
7389
36785
20640
2394
33433
12073
15371
17336
46079
24373
22627
9349
30811
9096
3032
45409
36089
44999
27438
26077
46006
38333
19427
40434
17364
12574
40541
47584
46085
21810
42798
34555
19733
18408
7128
30057
8982
21757
7076
1713
48926
15937
10600
18333
12508
27359
8235
45433
40259
16636
1710
31410
6929
31552
49175
35504
8707
7002
37001
20227
14831
29830
6899
35594
11920
40169
9614
19607
46064
3298
4856
22554
29981
37229
37102
19934
2043
13297
47091
534
5209
33732
19422
32195
26411
2252
48075
39621
18899
28439
38929
40679
18571
23614
43799
9347
35789
43206
17929
29074
11546
40784
18583
29219
28704
38798
29436
3096
21303
5300
39989
35837
12647
29269
29228
37225
5869
40864
2354
41894
23309
43902
25523
34304
13856
30833
31815
46802
14936
14826
8101
30652
17783
9930
46545
42236
2903
30089
17777
42279
45721
32921
18716
9262
3479
8729
47420
46582
33074
12812
32225
16640
13320
49561
2165
45967
24368
49986
23135
17147
29094
47766
20945
30634
