31495
21229
41092
36417
41446
15301
24762
19648
23267
1998
8761
47633
16300
9258
38124
39516
28403
22731
39194
36873
27354
44892
47115
33248
42947
20103
9380
4710
16177
2501
18072
15933
5201
42287
44539
14982
36013
17286
21631
19652
40505
21378
30299
9047
34346
2914
28390
8686
41858
37827
12653
44137
49701
9184
14290
6554
18815
5281
42623
16092
36675
22907
25295
35880
32328
37595
25472
6686
40113
7
31537
42530
38041
47498
5195
12427
42038
29964
27216
48010
12312
20576
7030
13175
38183
11516
4583
45193
37308
35330
2462
6149
30608
48000
6168
40107
6167
15141
41141
1984
44134
9143
11435
29538
555
43
41235
9524
36784
11235
29920
1696
38919
39673
10252
43761
12363
26326
46284
48495
42098
24915
48572
40483
30646
3954
29706
10784
12476
27465
27186
44864
46290
22086
3966
39825
22663
37772
4582
30938
37055
46025
40949
215
3654
44865
27319
47390
34358
11
33568
2216
37931
31268
18432
7211
32515
42297
1324
15414
31335
38358
17819
24768
3548
34582
872
41122
46819
41830
48927
38697
12826
49682
11790
17163
42969
15275
7721
15638
37994
9132
42369
2519
36917
48924
12856
23766
38082
4146
11190
15540
26888
8045
37525
42350
47274
30000
22936
22327
18202
8817
29843
14813
16147
18642
25358
17558
49841
15872
45143
23628
44460
20270
7463
37407
21707
7360
45440
33096
31922
1059
24710
38126
43568
38444
37523
42298
15623
42450
33670
17763
43829
24818
38777
45089
1450
26689
43831
42020
32322
33878
37081
22589
32324
27063
10822
27286
1478
14135
41656
23040
3222
3004
227
10639
14004
40073
8031
19306
15429
28066
42610
30350
9841
12890
36977
11249
43682
7837
36689
36860
49537
5709
28078
4782
49568
26452
17154
39213
8760
38099
28836
47374
26346
6584
19917
38380
25180
33336
46491
30347
34490
26307
48923
48523
