19627
9869
3872
3193
13936
38791
12586
25171
27783
22009
44315
9211
2917
47495
37646
43784
20495
36913
31563
6371
13204
45406
15330
18532
9332
45841
26918
16807
39878
37746
20463
26221
24378
24509
23812
2406
26569
30092
29492
45153
47139
28369
20630
12736
32290
27934
42724
31401
17853
1243
47433
13299
24690
48825
10925
27436
18932
47998
7863
48403
43640
49950
43880
46728
24599
47085
19519
36793
9490
9983
18301
47481
44002
14566
36623
31458
39664
35887
10964
47740
11503
44552
8027
23448
8887
21324
30733
24198
8068
11830
42127
20090
47533
43757
23179
44861
32048
4201
24197
25659
22346
21132
5682
18050
25395
41757
11375
4887
31317
42848
22943
47010
14396
32080
32091
25454
29301
12167
47831
43410
1754
6247
12054
28517
31075
24702
20941
32111
48627
5369
19239
11931
13716
34344
15653
13950
48272
11258
35447
45064
24962
14442
45748
23441
35204
23525
48875
32617
11665
43306
6832
49914
42706
11361
48481
13378
45506
48892
38972
21619
33594
4745
15779
28868
16130
44779
38999
12720
11267
32414
37254
31353
19615
16294
5578
42313
16723
10938
1694
26693
18232
18893
21539
1068
44872
9877
27637
47307
17312
17526
13684
15138
45129
20013
47071
15855
28976
21080
34741
31481
3730
12824
30749
16261
7558
29304
27979
48903
41761
13735
35278
13433
39496
25111
39482
40927
20594
37008
8048
17950
25744
30326
5011
1084
32536
5193
1405
41699
31070
948
1067
46210
6359
31824
47019
33956
13107
42035
41462
47682
44265
44877
14271
36485
16370
45137
1178
34315
31678
30997
26588
11222
11118
22851
29607
10999
9246
38866
18236
23503
48958
26068
28841
46150
30520
5476
38421
33333
2529
44392
4944
4581
27884
39121
7513
7527
38550
30932
5959
48747
48290
33130
9200
27654
44691
7243
24777
27306
39554
14578
18229
5228
32756
11577
45419
4597
35805
26086
31597
49513
25832
3306
15535
31434
42566
35171
41593
43916
36452
38914
1731
31438
39080
10718
2024
9734
48995
31449
31891
19387
9789
3027
49002
5060
39657
48789
30168
39699
1069
38843
24687
29810
21997
7420
47917
9798
49056
20329
3460
7737
24854
24130
40021
4328
11730
10953
23001
29786
9922
7320
19384
49724
35128
4652
20385
21540
21249
5089
36926
41919
10492
48238
18963
23738
39420
35969
45958
38187
15449
11434
3265
24815
1502
33551
32678
23038
36320
23227
28203
34554
3383
407
43450
45789
19054
36936
20237
48536
45291
28243
24789
28353
35424
44013
23139
40186
44156
14277
2072
11929
12034
45890
40480
37826
39038
4839
29370
504
32841
33891
36602
9239
22981
34836
47286
7066
36508
33509
23482
32531
10149
19784
9048
13959
28728
14632
13027
49145
48848
34872
32343
36872
42656
23868
31478
15601
2178
18482
4504
9192
43518
38546
9538
17028
48960
47482
32300
31409
41824
23166
46620
10306
34282
11821
29037
31914
29781
20404
20471
33218
32706
25731
8851
11757
26235
48526
25828
14744
2377
47939
3048
31626
49709
9036
9993
31541
37100
8452
49128
15415
20482
47219
12519
9121
32071
15319
2338
18005
1664
18502
45928
6572
23017
18491
6367
12740
12619
45730
14598
4043
11035
2626
11193
25421
4817
9809
22815
48929
45389
14849
19990
8375
39361
5302
24522
29246
9769
40536
48044
30922
16860
4263
26605
12358
21071
39648
21504
17224
12079
37847
44463
6735
34591
40466
1888
43328
16301
49646
37494
27727
39970
27867
31716
2172
3070
14227
26019
6698
15571
5594
36884
4905
38580
1601
31562
20221
42646
43910
13775
21068
39107
26440
1042
203
33915
26096
2326
20791
14436
15387
24548
