32934
31768
22477
24124
432
27891
48895
46860
15286
26097
28663
4983
20313
32814
38943
33581
44961
10726
3350
26142
12888
1365
36345
45593
48792
39844
16489
19838
29497
5892
39012
19157
23226
611
31880
46645
40020
49928
30470
21984
44444
9506
39554
4343
41860
15276
27738
28916
4592
4491
38984
35492
22328
22063
32175
10506
28214
40761
3032
7296
6886
38836
37888
25860
1970
30733
9515
14831
41189
48333
20144
18380
26190
24793
5312
1152
39509
45101
11279
122
47858
17350
47604
14803
8061
48260
1443
28551
33941
19584
6609
18062
48458
47470
26141
15333
15076
39708
13457
29832
30116
17385
27346
17756
21386
40586
15849
20628
5227
20477
43289
12854
22459
1490
27625
17072
43972
29433
35017
1787
36032
40315
20334
12597
34850
6362
45747
11713
22146
14240
48614
17388
4938
42794
45775
10204
47561
3347
16791
15374
44757
18780
28721
29016
39390
5633
36593
36261
35763
11681
31576
23558
37880
16551
38618
46506
3548
47222
7173
37101
4909
47103
30906
24585
2177
30114
30381
16773
20097
49449
19456
3152
42801
40894
47476
338
25951
34752
48366
12796
3296
9397
33684
44883
32205
4966
16839
18860
49403
25023
20124
16110
6658
46548
40858
9907
10452
47790
830
42896
5840
35303
20099
25106
32036
42961
6026
22173
13717
639
37836
40978
30108
32623
41023
2575
25114
10951
6292
48186
12655
17131
22062
44190
15994
1348
39309
3750
17273
44264
40191
44422
39586
44685
34592
38721
39248
840
32064
24362
25683
25174
15327
19628
7513
6556
12960
27549
37131
18731
35468
23689
6483
32975
9333
4640
30297
1662
33295
26518
6267
30378
47480
10703
47023
8237
21921
2657
1597
21667
42113
18500
49057
39570
40942
7696
9872
39512
47969
37483
38190
3360
40398
4615
2712
35071
25580
33473
45965
35840
32967
38301
42992
28505
46569
27143
21119
15736
31759
35277
19301
40224
5076
7965
15603
42211
11233
39681
7031
46416
4254
38939
14544
47409
32866
32588
17490
16219
391
782
25617
16384
13384
17548
15384
31743
1628
8982
11637
41686
40655
40364
48239
18361
22455
15397
17364
5058
38663
48864
19548
45675
36919
17139
17418
34983
10984
14469
42668
40165
16190
25668
11942
26948
44109
17465
49815
47829
38889
31016
24941
10279
4192
44563
