15497
47551
13950
5355
24627
1631
13106
44616
28167
40576
35702
3329
48961
40115
37375
18943
5722
1117
15071
32139
4784
2253
4718
42965
26724
43612
412
12411
45604
15496
13394
19706
43309
21818
12133
17536
1170
27272
21723
20639
35587
5561
6771
15984
28393
25337
32606
14273
7158
5723
42210
19897
34360
4700
23700
581
19611
3334
49573
13336
42851
5631
46928
9444
27253
32466
18441
45808
17312
38768
28816
20465
3184
34079
18209
35926
9373
12695
44638
35679
34694
18547
38864
5094
10646
32798
8130
48836
4209
8456
17935
4405
18996
8208
2098
18751
25173
30078
24696
36046
19426
4502
6924
32251
21052
9578
11427
9387
32432
11218
23074
24923
7043
10122
5889
28627
35946
28752
343
21873
31478
18615
35971
25366
18690
27721
2273
31430
41900
45139
5643
36934
40304
8173
49654
11364
6286
29676
34071
33942
6616
21656
33981
39538
22596
13121
7923
7180
9255
43578
4022
5157
41921
6900
23936
26094
36625
37259
743
25807
29224
16373
52
8311
888
31030
46260
13724
26149
45960
18344
19037
31994
14881
18580
1611
10256
18713
12417
25936
35653
22491
11841
23884
47753
13253
44020
22570
14106
21653
28513
7821
11661
4422
13699
36276
21716
26736
40806
47962
35582
4219
35874
33891
15642
28190
931
27519
25415
45833
2753
23538
46335
46632
24759
46544
19738
42355
9990
42481
31144
8630
20090
5445
29282
45383
18945
20492
19692
483
10522
24246
35404
19210
46102
41757
12397
18844
38948
11327
32748
47225
23945
15963
32246
19265
26619
21086
12874
49953
17542
22403
22478
39041
47855
40369
21519
48505
988
44970
37360
22876
43794
27720
7630
14857
18456
44315
35006
39635
48383
19643
7627
43062
26988
18911
38369
3679
24136
38668
6706
5867
25841
38495
25258
8605
43060
9574
12221
48238
23054
33306
7283
6648
41135
20410
21041
42981
41703
20215
21650
779
11645
33814
42069
25306
18861
49778
41842
23602
5060
45025
29272
23079
25858
16829
35846
44948
19570
38796
42615
49884
1793
43706
45624
43392
41061
34321
49090
9844
24277
8408
27510
27648
22714
10870
32173
12237
33551
47267
5437
35873
37267
7638
16482
29230
17704
24507
35236
40696
17566
22205
46894
22168
10527
41123
1750
24727
7577
34878
24128
1984
45767
4140
39848
43018
43855
37465
18247
9442
39787
23048
17412
38947
20436
47540
404
32146
27512
17278
10551
16786
15021
22407
24834
7765
16008
20689
10262
21355
2757
41861
39725
31274
23241
26284
2123
10237
5540
431
13905
