19874
42921
30798
4605
6598
38645
42953
47390
26394
1667
34607
20924
6756
11142
48003
15746
31221
16858
31117
38054
47369
35903
28746
27428
39203
21083
44911
1458
46254
457
19572
6223
28050
43212
24939
18581
6283
32133
14653
47883
45055
41481
13367
15421
44731
41129
48419
34274
22695
5550
25886
11958
1696
39581
1877
31232
41874
49083
13915
38831
48277
14674
1123
39122
49658
41100
47885
44355
28774
17731
18218
30868
49494
49385
25851
29921
8266
22445
37096
14821
32909
27977
35783
34165
1903
34521
1995
34014
17053
47830
7947
28370
4059
11420
15077
40488
5081
3786
20942
9885
46118
36841
9842
32840
23911
496
20387
11432
30985
30536
11135
32323
40117
23194
15166
38546
33740
46746
41211
45060
11026
49391
28935
8082
4513
1512
38354
25974
44428
27995
32908
28592
15141
19632
24646
47699
18743
268
42839
11778
5731
4070
38053
38003
38731
42859
20883
14757
24873
27496
7276
9428
19064
32232
45337
35581
47863
26050
16954
20574
23006
38072
49380
42920
49834
11522
42510
47669
6649
22053
30656
27405
37612
34189
18122
25040
28799
47122
29797
42017
18969
6708
26243
10690
42401
20137
20897
11723
19187
3988
48872
4619
7249
26628
8886
8908
36695
43229
49178
37646
13743
49734
15383
4597
2458
37081
12780
39077
36938
45766
41150
22456
13454
30410
17612
4182
48479
24406
16931
37370
25539
3697
5407
33204
36109
18518
21930
37666
19818
25855
26209
24253
38918
19425
47159
18646
13390
5541
26170
46778
12281
37652
6066
24634
26061
2323
36410
39630
43085
10931
49500
49514
47737
26089
40133
44191
15482
22803
38084
34925
44668
12946
8786
1831
21852
32573
37396
26401
30190
36717
16236
38750
12108
18286
3917
22468
22931
10083
45531
1071
39576
22393
1253
34874
35945
9453
13645
36026
25736
6737
23498
28309
13318
48085
40863
23146
28806
31459
44236
23618
49790
43294
34596
37764
44715
40542
2893
25876
33490
20793
25190
692
48295
19145
38744
22611
1609
6962
49948
12650
3458
13144
14289
34043
8941
15610
32689
19912
45550
33066
19119
20109
49218
42622
40077
9150
47523
36516
27816
19206
36287
5352
34097
12830
47042
16205
41156
1412
13361
18575
38977
31628
40544
24670
5535
769
49459
38993
32453
9173
37653
11438
27808
9480
8734
1934
33894
43905
30904
37487
27527
18387
4963
47238
6992
47663
5051
12016
26477
21617
9141
3747
49272
45437
38094
9450
40381
31304
23158
8568
37659
24025
28817
28879
42363
44034
35931
46093
17727
12171
32609
14681
25433
37064
7623
29963
44025
24009
21377
14170
42453
37514
