23768
23797
2099
37265
19992
36836
39106
441
37344
22548
32153
16381
32714
41412
31029
32259
2811
5391
35669
19134
15745
1773
24226
24989
43376
122
12733
28132
3981
41802
25776
9377
42373
11153
16210
2048
17955
12786
45868
35273
19019
8348
22337
49087
42978
35800
18982
41990
13969
26849
20425
15315
38537
22978
9279
1487
11052
9399
16312
1613
33079
3399
18745
22450
21597
33217
19056
25633
13386
7408
8437
1066
36777
28397
1600
4660
46500
43465
35375
16752
36299
12037
49100
36577
2505
29286
45711
2054
397
41888
25157
15948
689
39250
16123
24173
32466
27516
36822
11678
16681
16502
2515
28648
44695
1907
48095
48353
21980
45617
22949
26029
46502
865
902
20075
2676
13932
10549
40326
5199
38658
21014
44498
8861
39661
32674
29254
37492
8386
33652
9637
32106
49255
37402
8853
20596
14568
26968
24174
14919
13891
19920
46247
31956
13298
13164
42074
27114
38831
33792
37789
40549
17822
28461
25539
27965
36146
40959
43457
38606
11557
46617
10433
49770
6154
3617
20206
32148
20514
2468
44258
19524
17281
45701
33928
34115
745
15182
29676
28558
36903
45305
12605
33187
15807
914
10640
16616
34540
37778
28084
12551
23771
41705
14665
46735
10303
17228
38174
30799
2002
25371
26594
47679
44689
24076
12388
6435
37947
14317
42270
14737
28633
23434
38963
18470
12642
40491
11329
20282
32484
19292
7458
34127
22952
21662
38647
26654
14451
32248
18560
31776
39937
26109
38497
46449
2418
3268
33494
16975
42122
46118
24212
3505
27713
12147
34812
45404
13051
20337
43601
36491
24397
33335
41460
22143
45328
9680
5573
5086
15798
17694
47649
747
46343
13639
49614
46787
32405
9943
17710
23379
33262
38108
7521
23576
34277
23284
5389
13742
26444
42323
44405
14250
7018
25877
3074
23522
44201
19621
12962
31967
11805
34760
45237
35889
27052
30504
17543
13237
11285
37420
23717
3927
38248
5241
27602
10833
40375
4083
19585
9939
44041
9124
16532
35760
36178
21776
36985
32154
37250
37689
29100
15577
22308
17262
43711
39272
36727
1771
23400
18157
7573
29088
25165
32016
30862
17935
45387
45855
23902
27312
16945
21002
30746
36382
27508
28521
12319
14243
26757
17499
11942
17350
18086
20360
23292
26718
6287
9676
417
49008
47050
19889
48719
19093
44908
24411
44787
40241
846
23722
41916
1283
12381
20489
20175
19217
2538
12412
20418
31670
32840
27250
16703
29488
155
14450
37957
4226
5802
44164
2159
46172
49069
49567
18042
39030
35604
19355
28547
2039
34158
17811
2276
21699
30777
13703
13646
48767
39009
43233
5923
28917
2549
7566
47875
14417
49035
7614
18437
5587
47053
35611
6298
909
42104
25584
31414
853
27529
37317
26022
44942
38775
46661
520
33299
24622
29640
41059
44169
30280
14766
16416
28905
9776
8617
16020
38454
43300
736
22322
21689
33119
46654
48149
11692
37840
38759
38690
39270
7251
9890
20442
19504
45858
8124
10318
36256
5015
7814
23828
37013
29962
4088
32563
12835
46593
10821
20665
18228
31977
14035
46584
21484
7967
49487
22388
6449
16269
2235
12136
36029
18696
21559
43034
19329
16563
4754
22649
30361
32445
2231
36391
28561
8815
21604
24575
19754
31004
43612
8072
43867
28832
2033
2370
7785
47688
46435
14353
10198
25449
24773
25615
27109
39823
47468
41471
11194
26424
23640
27649
24139
44437
30080
16980
6215
37886
40275
741
43589
23426
32134
37096
20782
21508
49399
10339
46903
30936
26458
5124
40108
11646
33910
45830
18275
47895
23527
42869
24996
11216
32245
5114
45580
43598
31364
10238
17660
35963
25944
7968
46606
27036
36231
10989
19782
14663
16837
26037
24900
45249
21737
40888
46241
16363
15430
28170
7857
47068
19688
36685
45008
46286
36887
41767
22920
12716
11238
20035
32200
11907
19557
17659
27831
35215
41371
37131
15847
8784
15942
4461
11555
35196
8547
25008
35638
6292
25506
24219
43291
36351
1020
21439
22436
8685
42451
16522
37622
42476
6176
17620
26925
41187
20211
49899
48216
7197
11054
5668
43209
36059
158
42107
21859
41479
36699
42359
7757
39243
12172
8717
30535
161
2297
31790
49548
49202
28437
45589
17571
35527
49781
14203
1614
29889
12077
31210
17408
49863
281
25667
