11925
39810
44789
40180
45028
17068
41192
45378
13020
8354
25660
6720
35081
16349
24317
9425
48962
35851
8330
30707
2155
42528
35188
6936
30508
27316
35488
24737
39439
45143
28142
13614
15894
23292
30596
6999
15165
34619
13480
1936
1028
11682
12717
44577
25720
27619
44931
15930
3990
26312
6090
2030
8849
27656
35159
16955
18329
19522
6136
47565
8943
16014
8823
35151
8927
17401
10331
49442
5056
31651
13257
36654
29604
48401
32380
32478
5930
875
43329
4956
10228
30874
24669
26378
10575
19168
34212
5079
46438
14602
25507
49729
6251
2676
10987
11450
39578
29899
31624
12850
23938
39668
8065
49587
16878
23985
28699
8377
29933
11961
39904
43049
14108
16408
6160
44001
426
38230
1661
46436
11362
40977
27680
21573
7312
42728
3739
36908
29703
7398
23338
26522
5790
968
12987
4995
25597
12504
43200
30364
14389
12568
16140
33358
30205
6031
16740
6554
46105
31563
23451
17671
1330
41600
42793
48967
25908
46937
26573
27636
20024
25296
29865
19175
15733
31810
22578
15775
121
8220
41587
45149
45683
37951
23701
16165
232
31839
16866
1663
27757
23008
32543
38154
20409
43914
23439
35646
2453
22110
21982
29488
7342
46829
38295
33695
14472
10384
11924
15922
204
1740
30154
43459
37702
47073
14533
30886
16084
16379
12632
9319
37670
15832
25555
23821
1356
10480
28403
5924
16056
32872
28278
12346
23015
10840
31886
44690
49215
45885
7529
3463
36073
31101
33598
64
44901
20460
15068
13064
18316
19805
29570
1101
24930
27131
1426
5728
2673
11355
7375
45717
39358
38695
39062
1627
6982
14298
37809
25404
9111
49433
41531
37496
27160
22181
24202
33212
2951
16172
3418
32611
49542
1070
15358
8401
41589
18385
11482
48074
2468
21129
6450
34034
42471
8375
23678
44156
1338
12878
27359
6613
30955
18320
44038
2351
8489
15766
42707
7506
44234
8428
42326
20241
19151
14968
47695
28573
8103
35208
36999
41617
20937
17948
48783
7707
26324
20514
40465
3930
3722
12338
41542
19856
38994
36997
16326
45848
22443
13585
5939
28413
25649
36986
23448
766
29956
40162
42623
32468
32080
35351
11917
12651
23606
46671
12969
32942
40992
17108
27909
11494
13887
7991
40917
3195
42173
37616
33043
30522
45749
49545
19841
35039
41986
4818
17888
20508
13061
13089
40865
28789
19147
10012
47844
45430
39031
38747
19830
38219
34575
27531
40037
43201
17243
14996
25880
43983
19239
35717
29654
33562
22516
46471
3454
17359
24013
41973
32750
24690
20781
37432
46027
12402
38479
1197
16290
19266
28964
43887
45291
10906
45570
4283
38985
27475
29898
24867
46922
11270
33234
5917
3609
33378
