15131
46300
19485
49930
37925
6011
5585
31049
24065
37691
1554
48530
48663
7276
15493
29568
4059
38630
39371
26653
24157
8199
4671
45294
35708
18083
39397
42789
31811
36711
27314
3922
30674
3551
11679
13220
31535
7984
46723
13731
8248
21926
43862
44549
46967
24234
46370
28364
24002
9745
20228
36197
47748
23321
10432
3237
22534
16303
3411
11449
47848
45277
30937
35617
38875
45878
3471
11614
35696
39447
46422
33303
32661
27271
41491
43830
36536
15400
3830
14207
8107
13813
14785
30952
16295
4669
22294
26529
12886
43636
19438
43128
26156
15245
6956
7350
14508
1728
11403
39110
24681
12707
26873
37828
9201
16414
10923
19074
12346
19285
32370
27071
644
20507
27951
47396
32715
9040
8969
7445
14860
11345
27971
18300
34434
43951
9942
23748
37553
44703
43912
31003
4273
21163
16478
5135
44911
35606
13544
29990
33010
22689
3302
42965
16995
15379
1213
32768
25183
1777
45769
29189
189
2437
31755
37189
5171
3073
7805
30972
3883
37138
13550
37264
18938
43692
36604
5984
31432
36147
38229
32728
29916
9602
31658
21370
23358
9493
27718
8509
31480
2263
23383
19579
27454
23967
27730
14595
2164
14233
20409
28217
5545
27237
