27890
13436
34675
45050
45718
34110
7650
9392
8669
14103
9158
32621
24562
5725
7033
35467
48675
27391
18007
23572
24238
41533
40901
44576
31501
23763
31840
36013
23825
27566
24641
47044
12517
14119
14960
44279
44476
1922
27023
105
16822
26166
48788
6410
2711
6878
17584
5082
38867
23857
35866
19298
47030
13221
25219
1108
5797
11173
19506
3464
33451
30148
34241
29641
12656
26164
2684
16700
1097
8815
6312
33730
2043
33506
16058
5301
22264
29671
8224
24247
5362
26760
19746
24423
18997
34259
49524
45554
42374
29033
4973
42238
34021
14879
41305
2928
29393
3635
35426
46689
40947
7895
13014
17577
3526
19843
9813
7812
11816
49303
48839
15121
31931
16909
16098
2846
46368
27981
5476
10217
43776
44828
6336
27938
35725
38070
11398
27526
14328
42227
14378
28683
49039
44387
12889
27490
12913
4221
21179
15990
5466
10229
34370
29692
5786
28591
20239
35218
30068
14278
30032
1053
28463
5802
31865
46412
30405
18983
1453
11856
4078
25383
26844
22299
11234
17698
35684
8111
27127
29670
45105
41234
36605
46462
45564
46216
26082
14786
26998
39775
38780
14778
27837
47771
11805
30188
46993
25205
15626
43577
14934
1908
13330
21671
43648
12542
39830
2096
17363
22981
27329
38746
21439
30976
24148
44879
1605
27295
33934
20751
48211
12379
7788
42874
18873
11861
14908
27942
18135
35323
36353
33190
45705
8657
28561
22251
41821
18721
18072
43221
17216
44656
38037
3936
32462
11551
30545
37490
8583
17301
24417
24887
938
9937
44843
14703
5220
18586
4307
21372
18345
38047
28979
44052
43196
39592
34633
29594
17674
29823
49388
30321
43796
16149
44969
48062
23301
14218
14371
29966
31793
22134
29830
24631
43247
29876
16357
37430
26005
4319
3298
40914
46729
28868
39257
13111
11055
39934
43368
21623
11214
41826
37295
32702
22521
21715
39424
23391
23047
3414
4346
18264
9754
23181
18016
8862
37210
41083
17430
48585
38199
6393
15720
17747
43492
858
22642
40504
6398
4342
30642
48426
4951
4997
14793
21064
11351
4957
40850
23636
20982
27186
7834
20
34138
28130
23032
2682
10804
49905
46235
5965
17556
14767
45463
45201
12374
49458
24228
11602
44766
31842
665
13381
29782
42600
2931
46558
32479
37889
35341
973
2524
20232
26016
10905
40561
27829
28892
29771
22174
43751
31039
28291
29121
46695
19414
15232
35415
17275
45626
23579
39068
1115
21017
448
41668
14349
3236
27856
13710
2472
41027
9531
24262
2731
28321
25312
11264
46847
21602
5426
23172
23211
25506
26655
28488
45645
