25502
6957
39060
33850
18276
35043
4210
48653
44934
28155
20391
46788
37756
11613
36916
8840
20543
124
45690
36214
40743
14649
10611
8813
17787
28996
6544
9740
47693
28869
27381
16460
30061
3348
34375
31263
4503
11872
3120
10396
1131
23082
28968
37570
816
32741
33336
15846
16588
37261
19381
46510
15572
23170
46152
25011
2178
48140
11168
40961
17074
25197
19832
15747
18162
45213
14303
36537
17655
12222
12082
21225
22257
37521
33289
8124
20643
21332
48846
48371
38032
3412
13815
14085
7603
44408
7686
27173
35129
7404
6296
25812
15295
5566
10261
31158
31852
16862
43367
44268
33385
11215
23050
25165
18444
32933
25423
11941
24452
27599
42682
16404
35196
47418
19012
1315
36389
44724
40987
17016
41419
49419
22192
44132
12040
11671
24057
5949
19732
555
13
20026
45271
34156
36885
39318
48832
44782
20710
28401
33737
36003
48517
44441
28616
24055
35762
13589
23367
8881
3235
16247
8724
29473
14505
32319
10341
6164
30956
39130
43911
41882
31358
17685
11139
619
42650
45755
9814
48817
46641
14651
28713
30759
44777
3105
42263
38900
3921
46744
43153
7830
17087
28812
48540
17626
16163
47940
40952
21051
24513
35287
8771
38876
47191
49874
47906
31791
5337
45707
898
4913
14253
40423
4683
36067
27356
40860
32223
40467
45760
25240
46208
32525
38562
809
5935
34516
1866
43529
39530
16814
39299
15987
2932
29131
14117
18658
5322
48991
47266
47605
9320
10757
24311
3922
20162
44399
34163
1797
42302
17593
2656
19241
26254
7352
37914
48782
12936
40003
9765
25629
28671
28302
40152
33525
6236
49071
12106
19579
21135
18507
32657
13783
25573
21304
41316
15331
22088
8550
48331
12941
15557
39624
24188
13901
47232
10342
47739
49525
41057
36900
28940
37724
49797
26168
22816
2912
47648
37462
13851
10304
16300
18238
28265
2853
27498
26604
13291
3834
33762
35673
753
26335
10955
41575
2732
45967
11083
38684
11708
645
2796
13399
15781
34787
5523
1938
45334
17507
6126
19684
23463
1479
12532
25304
14001
47295
41377
8650
29537
12800
33432
43774
26697
17791
21779
39664
5074
24483
6225
40103
47877
4243
8244
30159
287
31229
4944
22234
44062
543
24523
19430
22544
2406
25265
27337
16938
18974
48099
20195
35021
43891
12722
40632
4408
21853
45932
39284
49268
11782
23898
33321
23506
254
48880
44817
6700
17425
21133
15046
43288
9522
14796
26620
29361
25379
31065
4837
17447
23746
21158
26392
41815
2182
6064
15960
15674
49566
19908
48412
49495
32705
12427
40078
30784
42195
48090
49167
7119
21272
27446
30524
34770
10061
34655
48768
3848
17798
19693
6001
14832
32535
45663
14711
48446
34265
10669
6934
11611
30448
37144
26340
5547
24613
12752
14624
26301
4273
33429
941
26902
8789
12612
22771
8174
28760
19605
142
37882
39622
9325
8897
35089
25956
19866
44548
5517
39692
18148
26556
41449
35936
34981
4314
19962
28820
45595
24724
8282
31094
21156
28929
8670
47691
32889
37611
1834
35847
21777
13372
25267
15475
46283
5531
8497
29379
9035
9758
25931
26989
33266
48901
7497
19704
8754
7578
34541
40640
31802
15178
8139
28218
46390
35521
40452
