39563
26140
5327
19626
23032
39729
39079
32276
26896
10705
43292
39855
49409
25513
43527
42501
38301
311
40890
43933
40590
7788
19229
19864
14580
38084
45731
17600
2981
30624
36302
28973
30096
25400
16263
3670
44096
5261
7551
40454
1887
34459
2300
14521
35503
5287
39899
9478
6223
20639
13160
8962
7537
45077
27401
23513
4456
14410
27217
958
20858
1912
17704
43583
27837
1313
13938
7040
7495
26649
47751
46849
20887
15458
37339
26155
21968
37777
42278
27288
27267
13534
4161
32124
36439
13275
39618
44940
49066
49408
18095
27627
29487
24151
15103
31212
37277
2910
38955
16404
43992
493
40007
41775
18434
38218
13730
23382
31354
14525
7779
34849
8787
14101
7533
35026
41934
44856
27985
22939
21207
37602
27512
27774
17140
5666
46799
43707
34958
20434
43530
39622
9505
23608
20179
11210
33912
17546
40384
29917
36054
20816
3646
7588
31032
17603
25961
36686
43303
48660
33693
42059
11028
19178
8671
24521
31292
31764
21505
45005
47149
22288
310
33399
32787
4789
34899
47367
44660
14562
16332
30425
23561
48405
11225
25501
606
22855
5800
13901
8918
22652
48991
6505
14683
21925
11188
11467
31538
32039
12040
9050
27413
32939
36355
5253
20750
46478
42024
25782
43625
10920
46682
39953
28533
18759
15590
41332
46544
49476
2946
35630
6613
25367
48364
2176
16767
33189
33008
18936
25502
32799
40334
31043
38878
34722
41149
35662
44718
2864
47889
650
20089
30924
12892
23648
45660
5920
30327
9402
15869
36715
10098
2390
29722
16246
37870
23734
32712
37257
39545
47462
42071
43200
45640
38294
36275
10786
11775
13184
46922
2346
14086
16629
35799
23903
1751
38654
36333
48519
19320
10628
47621
29364
45166
26862
48352
21228
40920
48045
15211
9693
21297
1647
2449
5470
6395
37159
32388
16168
7014
8307
9677
17052
35900
11001
33916
8636
31329
2422
3792
32506
1166
7960
3433
49173
15325
22195
9748
49276
36363
7833
32188
2625
35361
12114
15642
7441
7630
7123
3084
26161
48635
8326
5384
10267
3582
10342
8405
41677
15893
22193
8993
38144
45228
41218
44881
12425
5649
48254
43694
17118
40462
2514
15356
34646
9805
10115
20366
5448
19331
17758
3773
27799
48356
8507
1730
35342
711
42285
34927
14698
25039
43225
28037
37942
15104
44901
36973
12518
10090
38892
4632
8681
22797
46998
37192
5922
12555
34403
34838
14711
11079
44456
35318
28186
17070
9038
8195
27156
9367
47536
47505
18637
9777
22811
19488
6504
37340
41103
49105
2369
21864
41406
22410
5123
47708
34140
26809
4195
38896
21655
20706
49488
17027
3816
3470
16262
17988
49317
15410
42637
38474
37132
8999
3019
29285
20616
4114
42719
45816
10861
2190
42845
37416
20606
22927
27209
14902
32492
20541
37221
47123
9469
7791
48710
17114
18678
31620
46935
10966
12229
38254
49437
1874
39674
44958
41157
678
49830
28249
37479
29765
21218
13214
42608
21474
24364
33425
31701
41375
28567
20421
35536
7494
8850
11815
19629
35142
14371
14911
30966
25788
36189
40272
43567
35609
5030
44724
5223
44963
33818
17081
19073
17965
13605
26244
4784
44358
6460
12063
46898
25936
3185
26979
49975
15225
39280
40025
34779
4493
1926
39116
45758
10237
919
30229
4764
4709
12349
48102
19076
45030
35920
34350
33326
47933
28630
23969
33740
6520
9250
29629
19906
40745
22360
35843
20660
37660
28791
3112
17264
29795
31208
7505
35014
38561
26092
24322
38733
36637
26371
43906
12578
33738
9099
26743
31157
35656
15846
40431
26269
32192
24408
37638
10946
38571
22956
26563
19827
31130
13705
14986
36041
9042
36559
24063
35066
47048
19233
13823
9451
5848
10875
20512
1118
17141
40579
16795
4442
31467
48750
49876
1154
22269
45175
40988
29499
7231
30476
1539
11373
24246
21825
30735
26331
23515
21279
13427
33423
38700
44347
48305
29456
36438
35167
44374
15314
12915
12887
3820
36842
47049
4085
14619
29204
2182
45952
12418
10882
31422
21339
28744
20271
25374
44832
8655
8659
46393
47511
25974
17190
49288
12758
47982
47391
46429
39783
34972
14510
12828
3332
14842
36300
48283
12000
42977
39826
29888
25021
53
41669
42764
30591
18402
35746
37797
44586
14876
36710
35823
48770
23437
3057
8888
22115
46779
25048
25062
11092
31411
27848
21545
20764
5422
28441
204
22801
24820
36533
6800
12888
29167
25790
7379
47095
25525
4536
16459
42861
40516
48531
13578
29264
30009
916
45048
39647
18257
37291
1618
25319
40125
17343
42030
49359
30977
8349
45658
24959
37115
15256
23839
34639
33962
35192
3763
4247
46517
32052
2995
30698
35455
