8134
32691
9895
38980
1405
28511
49872
18686
20244
32487
20664
23714
10508
28426
6341
41926
49635
13658
15488
3129
25188
5948
44176
23882
36963
39548
37044
21920
30937
3079
8066
1326
40997
12971
1241
7641
8245
9845
49536
33370
35430
26006
13342
18699
47655
13721
28027
20805
45682
32328
31171
4168
18445
20193
23114
45332
46130
36971
16787
14853
12041
31889
40479
31499
38653
27919
47630
8890
8935
26068
41319
31899
17620
3772
42727
16479
6845
49798
12090
37298
12357
28083
36480
2782
5536
35497
2354
49695
49954
18010
8185
32927
28459
18506
45054
18058
16606
5408
7736
11859
42634
14069
29946
12533
4641
18591
20615
11756
15137
18395
24945
28810
1191
7602
17367
32766
28618
214
6143
28660
1719
8750
27236
31915
28937
13057
34875
28081
43664
39547
32333
28519
27302
13023
19370
48504
13000
37433
41880
39749
16464
31887
36139
28957
27992
11269
28896
42737
38890
25723
34517
49746
2882
48588
45056
28272
61
44531
6464
43819
30960
42917
1522
35357
45904
24479
47787
21084
30825
9708
7664
600
8351
41830
19091
10466
3137
30968
42216
16522
25036
15941
35284
40898
13543
41580
25826
47652
17652
17122
35077
9764
44436
14552
28067
14337
25917
18248
4858
24141
9285
25163
2251
20621
20498
40883
49960
8440
37840
13966
48378
8879
16128
14036
16055
30332
593
48362
20328
4800
42451
5973
19224
16532
36253
38694
20166
21932
23764
42297
38264
26921
14609
32674
29381
35545
28744
37903
29253
12764
35372
45006
28282
49556
20516
29150
4500
39556
19293
20788
24808
4281
21780
1968
59
23926
20522
5113
25999
9456
32688
17916
1945
45900
2576
19618
6207
15588
22733
45445
813
47977
33282
2309
8074
13303
42097
36137
8548
39795
10971
18908
34493
11181
18813
12243
2582
14592
31946
29281
14153
15300
12922
22829
42108
15712
16170
36332
31150
38203
36188
17047
18562
43564
4623
23931
18982
1230
47005
22211
1544
12692
29038
46072
20900
30234
19688
18069
30125
12636
36103
10608
35668
9085
36124
10398
45934
40453
9031
37484
11731
16370
24944
18767
8329
42347
20768
1707
24357
16767
12813
20254
10850
48694
14041
1516
43476
24366
34817
21256
2403
7231
23392
44402
38719
20758
41588
35157
10687
32381
29998
37031
28870
31772
33237
3300
7436
42463
7744
44291
22113
3039
47001
22548
35999
182
33441
39717
7213
37380
5589
38423
20324
16158
49224
14930
28632
39883
39075
6394
32374
7045
16315
6116
48301
18617
43760
30734
11151
26153
19488
37413
43214
49044
19957
48751
22419
33489
6390
46145
44652
23990
29010
5449
