42090
18314
22785
23800
23723
25738
23682
16373
22686
45480
28171
48894
30678
22297
24868
20781
2565
26006
11099
41237
21624
34276
12070
25676
21813
44854
26807
49546
35561
14314
16461
38440
31612
27481
28131
45680
47458
47318
37695
884
47158
12857
12656
38858
40552
30989
31933
21336
330
11723
14717
23240
14046
19896
1411
28502
43944
33826
27739
42751
19425
25519
44676
4670
944
36933
27693
31086
41072
14366
7548
21691
45148
45039
48594
48313
39349
40790
38001
7824
17193
32168
36587
31343
404
41612
43018
23498
24017
3294
20249
40391
15588
23847
20142
28202
23927
40611
8415
27244
36890
40666
23313
45935
23978
7324
17702
11024
16803
14573
5455
29430
43105
39676
5486
33312
48974
1234
17866
27205
34028
879
12784
1678
27893
25880
48625
9766
38452
2704
32444
29563
13531
33779
12630
18894
11836
48724
43602
21063
9160
43988
49250
26451
44190
8424
48785
19748
9568
18971
38033
20892
22696
38534
8188
48593
20224
7112
9837
20656
38767
8034
46803
1397
30128
35370
39632
8781
20645
16763
6012
6675
6780
16765
35487
38425
28617
4439
41964
24428
25662
44253
29963
5703
21785
23741
23596
40274
11518
44740
36051
6254
6126
18983
40646
8044
21835
33197
10053
34124
15823
43832
49218
243
23075
15088
26643
7538
47171
17875
49082
6497
22194
4039
23052
48318
5850
5776
11949
35794
43720
42582
31477
28359
22154
5601
22632
6426
29240
43256
32214
16476
24797
36801
16204
23270
45873
17297
30241
27938
11563
34002
18652
34852
43596
34916
9986
21819
30524
26506
23590
49221
35267
41909
41478
34999
5284
40615
21753
528
17332
33690
41368
10589
10504
34253
19527
39968
3585
41841
26541
3230
35080
33300
39156
46382
26837
49352
25580
14572
4344
3165
34457
38389
24016
4785
6500
6558
2644
28879
35059
23247
45367
44344
11999
20601
20238
4866
8802
49743
30196
33305
14174
14260
2489
28678
12153
21761
31816
13501
41189
21407
1046
24774
692
29859
15025
49859
48662
4174
49651
25363
22333
8559
38616
14131
1037
48550
36255
32494
46285
44074
49622
40578
5362
49050
31027
39077
35152
26715
47635
32732
15991
16514
47555
14364
43737
4858
