41692
28156
18041
29867
35991
9359
48888
41687
2509
5175
9918
38480
32365
10076
20015
44886
36017
4714
19914
3521
1274
44
21672
29627
15632
17871
47871
44503
17022
33529
43158
40979
29287
41604
43024
22767
32627
13851
39069
36618
29927
667
13776
29826
18409
46836
21514
36108
31236
24404
41206
14363
13216
14236
38
8870
28399
30846
3393
24719
13754
25987
21546
49014
242
33296
28301
23454
18215
8443
48223
30156
17639
40166
19721
33869
34000
16790
22747
47811
44728
44792
32009
39287
16187
997
41738
45632
37022
13874
7924
26630
26300
45504
15582
41074
29829
4421
45078
19059
24641
37273
30462
13795
40440
8460
13758
22071
13045
1446
44973
7287
20254
32632
16986
3261
39651
27041
7460
42222
821
3119
11348
41846
6972
29773
38155
45678
11950
36519
13955
32807
24285
4494
16838
22232
22578
35405
30918
34821
33873
10385
23924
20034
39503
5576
7152
12008
21453
37163
20802
28981
20274
16947
36641
15151
28550
37217
18183
38682
49520
25329
42767
35686
11621
18160
21723
19014
40954
9620
44744
45315
47203
6274
40443
39198
29480
2753
21680
27756
35055
3078
27745
28405
12752
36993
34725
14088
38853
373
11588
13693
6775
12778
28409
8598
15854
36220
10975
37750
15280
40545
7286
48575
46275
7359
29372
45840
40810
11908
41573
14997
4466
32238
1655
12335
27672
49858
5120
23612
43281
33002
13515
15495
28304
10352
14593
16161
39897
36349
1954
2344
6603
29764
16846
32640
21149
36960
24883
5948
17276
47967
4990
14245
45798
43554
6086
49941
363
9306
34579
15120
20717
16979
28823
1626
33070
34870
24625
20634
47248
45251
47258
38129
17690
2454
17476
31586
15401
17971
2774
49311
32963
33990
49224
8409
43159
17001
12231
36080
25105
42433
4852
35220
39566
48695
34815
39756
10373
8005
1291
46773
30780
3905
12030
8937
39671
18788
44417
33144
34117
49209
1027
27399
18116
15617
48539
17932
49310
18780
31638
8725
28772
9185
12213
34112
24943
16236
8539
2916
236
42072
10080
19919
13086
26986
36560
2912
25447
17722
39974
34877
42448
33727
3449
16081
21906
17175
1516
6414
22127
23607
39781
36194
33595
19997
3174
33343
9230
8635
22251
45502
45254
30497
21979
38779
18814
42640
37708
23703
16100
46558
29502
39583
49450
14704
19354
26572
6553
24747
29893
35663
43842
5808
4907
30614
3825
15941
48220
8078
37397
44987
34394
38876
46556
48940
49687
33404
7362
23805
12094
40622
31110
44852
29741
20374
22280
34001
49033
5075
41899
46861
13270
10422
2700
17400
37279
40012
1131
33526
13321
35836
28535
19963
26182
27478
30114
3656
11065
17673
13324
37341
28609
7859
31667
48562
34863
3129
24230
34189
19166
44238
10239
41951
6045
45960
40394
25483
38464
21062
44704
3418
39633
49772
24417
32766
15030
14909
26281
28031
25865
23888
40631
10291
39035
42337
39592
24958
15287
35615
22558
13370
871
19479
34218
7628
25760
24925
36322
14973
20029
3786
43223
16609
43824
44429
11751
8180
40320
22605
3117
38816
39246
29229
7193
2545
22573
39506
18975
8651
39405
20046
25231
34159
48866
43083
20504
4889
3727
39987
27894
47408
3346
6588
5551
21162
44952
44104
22338
10169
11218
47478
33086
4834
36634
44183
42358
30378
20737
12908
24799
39601
25750
48335
37125
9813
35021
29611
34695
49213
43987
3696
9964
38067
6332
44726
35735
505
24636
34264
32005
14446
13767
4316
47721
26158
46409
9027
28417
49167
8523
34688
32642
11731
10759
44398
40575
544
4713
13359
43127
33353
39864
20525
45156
