48459
26136
9146
48036
21529
45358
41477
15007
33124
16057
14707
19553
44886
8590
31775
31991
12390
6441
31015
30243
12512
5565
43373
36825
32178
25887
42959
44826
17432
36445
31491
38145
49873
34164
14475
3251
3654
48405
49149
6723
26992
29271
14287
29521
43766
6517
48623
40217
26423
22332
36952
7410
35259
27770
2920
48730
22877
48415
49383
23212
29091
36568
6359
32695
19261
48125
492
7614
45725
9445
1221
14189
7432
33034
20919
45284
38827
2751
8459
25108
24431
22630
14283
41759
15008
29202
1320
33602
49367
40305
23283
18729
45841
2057
25741
19229
28639
45909
11012
21250
2331
2976
39377
19144
23356
37326
43354
47491
11451
23261
44618
34491
49144
49477
618
23075
32652
2554
9934
40027
8690
15949
36598
34821
44666
24433
19142
41063
13805
5647
41828
26996
28191
14317
29307
35251
4439
11070
11271
7470
8850
20717
49894
22713
23413
44480
25699
34231
34022
22068
38471
9100
42509
11318
48512
37709
48692
8113
30760
4903
19280
3581
14899
39849
28312
35573
14606
2522
39281
24411
22122
33808
601
34523
26590
29005
5134
27165
21161
49327
37022
37839
10634
27207
40365
39104
31972
36515
47110
4796
4128
21335
13213
7731
26971
45685
46497
37388
40319
39478
5433
25457
23141
35310
40176
12977
33746
49289
20088
45665
19791
6722
950
14194
3685
45944
23123
39488
40200
19883
9157
12730
35123
31195
39276
5534
5025
368
1966
42627
1385
4310
44633
4998
18283
23833
5653
95
25549
47438
45339
5524
35215
46395
21746
31562
19059
23060
15183
36831
6922
39680
40673
1852
48226
48213
22019
46660
9106
31506
40084
30226
27569
40066
32822
16019
6008
33723
17544
32092
1508
35537
20401
13008
32947
29811
13297
13174
3842
42757
12043
31556
26863
6983
5578
35380
25755
18869
831
16514
17292
13519
49984
19474
45209
27685
40892
48746
26287
44830
13735
5386
5573
31697
8165
43348
47573
48646
36980
19674
38033
38757
7763
3106
31662
39465
6668
4653
21072
18295
12255
29633
37501
32949
48750
19576
8704
4180
40392
36720
33219
44168
22522
10081
3935
12867
30817
43461
46857
45997
28172
40394
49213
45722
14660
27044
27582
21012
32086
35826
8579
21725
24075
9054
5629
31206
38688
15771
19242
18432
17657
49511
34372
14885
37180
25894
48177
12957
16063
924
16794
8341
39131
31874
14764
49125
28331
22607
35643
10107
19035
9804
34122
27726
2293
23530
17291
9197
1608
27999
48367
42901
38200
1333
43897
5267
32063
4092
18169
4928
2917
4286
37950
34294
20704
21820
674
47936
25726
42049
26172
14233
43759
40177
21423
18340
31813
10417
35878
42405
33309
29883
18688
28848
36519
20354
26893
26652
7897
7844
29804
43916
40022
23072
37550
