18032
25043
1468
20348
7414
13470
42212
43770
41154
27518
10333
41398
24706
8969
2109
5396
8480
46266
3766
25675
18903
31549
4659
47145
30726
25542
6933
518
11890
32571
8191
24422
26493
49392
48563
44511
15788
3178
35549
32764
43637
42206
1088
31633
14111
32417
33380
392
39433
1476
6738
30892
9843
22454
10966
663
5877
17565
25301
34432
20917
4196
43274
29773
2248
15066
9586
34995
30773
18891
14495
49404
28132
46316
41460
32565
1641
15891
39679
24964
19294
6630
24508
3880
31831
46305
46573
27185
25354
17011
5138
39008
49795
42423
25519
29577
2710
36875
21659
21610
28638
39850
29199
6705
41514
33741
2369
33050
5455
37854
8287
36082
29431
38310
28819
27779
37273
42590
23386
17733
48844
42704
24935
29062
11216
35018
49436
24488
48428
2250
31006
17771
27613
25277
49976
35232
40624
39991
9614
5377
19872
45354
30808
4723
31588
18832
6789
6949
26717
18307
32154
22952
8553
30762
25307
19813
42958
45021
46257
29761
2725
11943
21022
36317
19893
8241
8663
30401
39022
15213
43444
34430
46684
7737
48859
8057
44729
2614
41546
2407
36369
24798
1711
7671
18404
24713
40139
16396
40908
3359
35345
47466
49595
49245
13816
20541
47614
12294
45244
19510
16159
35180
3159
45679
49923
4801
44103
46507
36639
6842
43071
5605
6632
4353
6972
25004
31982
42159
24960
11349
4366
10058
37423
31614
20840
30834
26098
23282
24943
46039
18667
21581
34537
43937
43008
26305
28828
7591
27521
27841
17228
4651
20318
19369
5149
43531
22230
46848
4751
40366
27710
36973
4020
2980
44055
49102
34254
46123
27080
49970
13729
31932
40969
29170
43121
39167
27314
18158
47416
22971
3929
41991
49871
45868
4166
17101
4335
1466
24292
48087
29474
29943
31320
31234
40656
3702
7208
16371
20654
33247
3448
3713
38662
45728
9214
40597
28883
224
2305
36521
14954
19486
29242
37862
26621
42046
25799
6447
46290
42814
45510
8145
2958
45799
22906
15334
7016
7338
5862
9162
33804
42007
14416
12806
28821
41554
3970
19821
46864
27827
41375
30982
45540
35585
41576
47343
38393
41535
15419
13335
45423
6774
583
45342
33890
39716
33985
20188
24201
10715
48700
49862
12306
1427
44845
45875
46861
16435
5626
45416
45153
2632
11881
16731
29259
24532
5663
34233
5454
31
41105
49262
23947
29799
6268
49020
16631
46361
23692
13912
38338
15205
2852
10074
22385
19983
20770
24414
11846
27731
14949
41247
19755
40793
3210
8064
28527
30044
19647
40106
29597
23754
21719
15132
18648
36672
13799
26495
6498
47450
39019
32584
2821
13122
16616
553
23339
24905
10568
24082
29289
19331
47089
40044
5389
28028
28788
44786
40758
43133
48001
30479
21791
24530
18950
30949
8916
39817
34182
22573
34556
35805
6681
13751
158
17225
39085
47016
43677
3500
29528
46202
32656
48463
31612
43562
39366
7441
8225
44689
12993
34419
32202
8477
31568
5686
40424
43574
46998
25987
40246
47127
1767
18035
35659
35485
29677
24446
5913
6588
4954
35107
46379
34408
25929
19888
48343
23937
48937
30195
22182
46258
4086
37920
11458
323
10079
27085
30374
6203
40618
38269
11664
46679
36040
49410
38081
32563
19324
35709
21422
12719
19476
13353
37233
30347
33310
