10982
34373
2828
18084
47432
7672
13949
34262
4607
40482
29004
41584
17892
11049
27095
49483
38477
44312
20146
7323
18414
24037
11645
8126
12602
21936
44821
2997
33511
39965
49526
4102
26560
48162
18993
35850
11744
13764
41249
6147
27457
40702
7608
33564
45757
34172
1363
16080
3072
12858
46362
23591
4177
15613
24493
970
47174
46945
37732
24199
6760
24988
17804
48833
13751
17026
31962
38461
47018
29129
24557
19523
47515
43078
762
41271
49064
21612
43453
14234
36878
23961
40597
1617
4661
253
27182
27042
23339
44363
7479
26279
29332
30392
9533
5276
47168
38689
35491
30274
749
14719
26098
44557
48985
26431
5877
48647
9479
12124
8210
30245
41531
46992
15515
16872
36462
29320
48621
40306
27142
5884
26189
34199
48122
9459
4435
26072
8442
40018
4077
19686
1963
1167
1814
15202
48807
27427
18476
7136
31489
22830
22877
47601
7572
37576
30609
44408
41675
24427
11631
45103
20716
12171
36892
24906
39337
22896
39895
14672
7071
16865
660
19490
24952
31112
13616
25510
18211
21643
48690
13465
1160
16004
33247
1344
19413
17479
48292
9328
6090
24165
38482
47922
30015
40367
8036
32495
43222
43639
17732
31472
8746
2205
33524
5956
31868
32517
16289
956
22891
8301
4643
35091
36047
8390
43047
21488
14914
1904
8054
10927
8989
13368
25767
7056
42053
26868
16252
16111
1945
12080
1749
8431
23070
41180
41809
49099
16305
38463
8797
46391
27895
15717
43161
24053
42311
49130
29524
45173
5799
27635
37509
43603
10965
34947
14513
4408
16365
12968
29389
26374
37386
44934
28028
22209
44170
7341
15220
11376
31474
36069
18980
24215
19915
14254
33782
2074
46494
49200
28281
3577
16913
41005
23932
40756
31219
42332
25476
11755
19169
2439
23559
43649
14452
33389
39193
6042
28180
48358
11154
45073
35976
36392
41022
7192
13224
12068
37038
17998
23998
44152
49443
14384
48651
15527
37730
49433
27678
35379
37618
34419
32253
23516
13264
39594
14205
41906
49141
43998
6032
46576
47641
18620
9860
3678
31568
11520
57
47851
31114
19855
6048
2050
3834
10701
43356
40635
43199
8903
6967
7827
8487
5991
23295
25460
25891
801
15044
11111
40485
20137
17443
33015
25464
31109
25172
10007
30800
47056
13916
43473
32602
37710
17016
4030
26970
17863
43343
18671
44994
10380
17576
42862
25508
46942
16663
39089
5919
40938
14772
11473
42671
46375
43279
42176
25119
26074
37379
4238
7514
16509
27343
5610
13743
9775
17928
44607
12885
25201
27346
6014
41848
16489
48418
7902
6862
22863
44080
9093
33894
35017
21087
24837
44316
43498
33507
12169
48339
23056
40821
25117
25475
14222
28142
19458
708
43872
48820
402
131
38941
29520
3321
8592
11186
19658
10313
24071
33851
48819
28164
17076
29277
7675
11726
43805
35239
26749
25537
47456
17267
1164
8120
7170
17210
2243
39200
34943
45902
34272
14648
28585
30200
27231
11402
24360
34354
31368
25766
42887
41963
83
31312
2600
29311
29059
38456
11395
4734
30214
14829
28577
25470
32571
27685
25524
18484
26606
16589
1299
3366
20371
20583
23601
11048
2619
5791
34995
14102
11695
36530
37206
28946
19612
17649
22245
7055
38847
11717
40805
29333
2578
17229
31684
31524
36442
45710
17575
23928
11121
6297
29978
21306
7465
6594
18407
554
12681
34347
31492
33983
11083
20838
1683
20533
16941
43448
37201
35106
15194
3281
40827
19062
30357
27462
38601
18875
11583
29161
10629
40663
45444
25164
21268
18319
9107
150
32025
16232
36457
