40538
26634
35697
19737
8316
29444
12737
2343
19823
24316
2457
45008
12359
17351
10492
43883
2726
19312
9539
5695
6194
4714
5752
15293
33747
18814
13275
20953
32326
37574
19133
4048
32988
42550
12087
11286
33701
38507
6942
7615
24673
23693
6414
17247
40877
48946
41207
18192
12662
39793
33817
40573
37515
49498
38270
30289
28602
9088
35489
15998
25790
32612
5701
18224
42234
21251
48868
12519
43173
13938
18296
21848
8043
2909
8961
12932
6459
21745
9494
31621
36716
6435
24628
36972
23134
6112
26252
39420
25992
23581
36063
46417
8405
2449
15519
3914
11375
22087
33691
23939
18335
26858
43425
30758
30990
24089
27415
34030
35590
26440
23348
24553
5607
13985
12734
46594
34688
3474
30767
5404
12693
39028
19244
24492
18429
17
41198
7954
22844
4104
19087
263
25012
48900
5202
34488
10015
1137
20470
11789
12791
13797
47919
38877
45133
33566
9736
15043
39234
34359
43431
22970
5866
30242
29569
17398
2311
4889
24568
13115
34303
49052
46780
27525
48447
37816
39968
20151
17333
22470
45938
16273
34050
26646
28161
45208
38175
4002
6644
40228
4131
32968
31207
17867
6761
38475
7202
42601
39473
18848
34258
48038
31124
46095
21618
48649
42997
45283
42439
41648
47475
9013
36324
39056
41720
47772
31293
10774
22785
39412
18684
38381
6095
47802
9750
35577
45200
16733
16823
43052
31031
13979
4760
6360
11184
27926
21177
27048
19338
36551
1073
22698
12950
32224
49985
12095
24854
8966
22398
2190
4981
5330
20230
9090
27782
39892
31571
3945
4324
40116
15081
21494
32675
3047
30428
31516
38374
5238
34426
25648
17699
6677
21253
10487
35483
47945
36093
31652
22710
22319
8877
26791
21334
29554
3653
18220
23923
43263
15662
32115
34281
48170
26454
19103
44146
18042
46501
13673
43867
36915
3985
28379
37991
40666
22857
5438
12702
24428
35875
34658
30858
36932
9663
36265
20194
1283
48848
38221
12794
2832
47974
37527
22519
20839
11054
27447
43934
17283
34358
11182
8006
1202
1785
11111
3798
45968
38870
45990
23056
3961
48241
10610
8901
21817
12743
11940
48259
22422
37539
31683
21488
26333
15968
16918
12534
15445
9655
8054
12231
27118
13987
33539
2573
19405
5661
28432
24773
41352
8204
169
19150
23988
30006
8659
47355
8507
8964
20457
48432
10302
46320
28198
5908
23210
34724
42648
30839
22367
20263
19942
46961
2812
187
30957
31010
39889
6736
13088
39310
22702
7799
41646
21322
44642
351
14894
7165
11435
28534
18392
33099
1760
45544
48119
30589
13002
34391
9851
27866
20844
2925
36758
45457
18142
