30643
44147
20771
21587
41131
49835
16101
18954
13991
2033
27729
8399
423
26108
15256
44875
30840
26818
40802
41152
21867
5135
6496
43346
7648
45491
10630
47275
38184
19591
10571
28461
30259
35727
43050
36904
38837
44599
47971
39350
33467
17984
33508
11703
38204
7216
41525
42472
23115
9102
10389
21669
17339
7751
21112
5881
40803
22885
27915
16687
46832
44174
43162
48418
20293
273
23394
42130
8395
39611
34285
39472
12687
48503
25808
29489
33818
9584
30554
903
15292
25680
8304
32996
37761
1665
29856
49015
1080
30279
33576
29207
10054
6274
43542
28705
48885
41539
45246
31255
21841
15936
42744
38294
21008
42640
43803
7692
23976
26165
18956
6407
1317
7124
49034
10317
32834
2475
19108
7379
9646
25103
13531
27609
21468
20405
44313
43065
2086
30253
26519
11445
46273
42545
15848
49136
41719
4102
19308
19079
12678
12211
37776
23494
13060
11080
46082
34418
140
21874
6322
17832
7613
32282
9092
30712
7532
49435
2526
48246
45529
34813
43976
22546
43253
7839
33918
37944
15678
14914
44324
28279
20264
36524
27491
7633
42918
2436
3357
22008
32500
6235
40122
10021
29135
24111
10509
19069
15211
36789
11382
41358
21461
43757
45165
22037
5720
46756
1534
10811
12744
44177
1271
26789
23728
25216
23034
15940
35941
19854
14988
49946
43845
13884
30692
9186
25574
17173
23863
24775
30326
33002
1177
36983
31872
5560
17417
42716
36378
30977
48716
14043
3095
18028
6575
29195
24117
11650
31005
34152
16450
5379
19184
30519
15464
47379
43966
745
15051
17255
25872
12983
42625
42048
26955
37293
10360
38615
25042
42858
21938
25707
4644
5117
4350
43665
11490
21217
14259
18043
21284
31440
17786
30786
22496
31821
42492
5896
17089
32914
15947
17695
35802
5514
3734
31727
36495
41217
23332
2722
25665
17992
14241
12419
49675
35714
11125
41714
35861
15585
12049
41236
39221
40783
41981
23277
42867
31541
13755
27235
21997
9217
2378
45341
47627
34336
6457
15649
43249
27717
19644
26403
30011
19627
28347
15595
19916
40272
16651
28793
28659
23612
38356
13347
14621
11422
8343
2359
46743
43004
489
15120
41662
8671
3590
46011
1815
25107
31609
21441
15450
31235
42062
30219
9573
47893
16027
13581
35633
18896
26189
40261
18664
767
41563
35958
26864
9174
49183
46769
3556
17586
46770
35904
10865
12061
10789
32605
14450
30566
29852
4177
48347
24135
47872
12371
6809
49886
48042
24594
10090
45651
11203
24832
30517
30911
21186
