24107
3979
23849
9092
5680
41017
12436
23581
20940
47706
2412
39008
19154
31865
33918
43993
42249
12840
44272
32646
25505
47557
47650
4115
44829
25921
38663
34797
24136
42116
23384
2340
18355
35520
19419
41160
30536
15901
12341
37092
11741
32638
7531
21031
34898
36213
27208
42727
32230
10661
41853
15662
35654
21142
14974
30143
8347
5220
16082
16366
35411
21182
16614
45910
26680
23519
14012
6097
1239
10221
46734
33054
27379
3839
10487
40235
35716
25733
31124
13903
32020
41405
6301
45516
43006
28153
42771
17716
23925
45522
1492
10472
36024
23615
24934
11161
31336
9923
16036
3529
26754
27410
37549
45511
9898
42492
5676
34336
7133
1463
11474
22223
19928
21863
36489
4823
12975
23758
8753
32795
44453
8900
2433
24696
36006
16021
9530
32174
6275
37052
15353
47847
23181
45477
6256
12250
2162
16772
30192
43836
33287
15450
4418
30356
5388
28927
19464
36579
32226
38439
23417
42856
5440
47009
12780
2957
34907
25264
29058
8221
25337
11270
16131
7104
42432
31220
40004
42482
49404
37312
32623
25392
47576
11945
8511
15740
39495
46248
35332
44846
12554
9263
1914
8858
18689
25898
16546
4680
28854
49689
45903
35575
29566
49417
23143
14322
22841
14299
25945
49061
39733
30893
24045
183
12192
47251
42865
40736
16736
28693
16223
10124
9392
9069
18933
12895
32169
45907
5643
49734
41483
7110
40140
44162
38395
34187
12031
27440
39745
45125
34547
2900
32876
16910
29782
20727
326
41221
6555
24589
13153
42010
23142
19135
22196
730
36940
21164
20427
33204
3520
36190
44663
12402
41358
12906
5966
34528
19681
48490
38434
38219
7224
26318
683
49052
2734
34006
40358
43905
48087
48766
24072
2060
26174
46268
31982
19567
16287
5904
33436
23028
26118
30788
34517
41840
15597
35301
45015
23730
12668
200
31234
31035
41524
12184
29796
31748
47266
21679
13385
2115
15322
719
22059
49229
27689
32915
35212
34886
23743
22396
37375
30411
23197
26483
42241
23246
4594
44248
19575
5503
28335
6593
38029
31131
36193
47764
30404
18692
18951
21357
21258
23622
14375
46110
3537
28097
48271
20044
18598
7631
40912
44941
38706
24986
44823
49440
42919
34842
13123
21720
8665
30087
35761
19284
33793
30988
7220
3965
49242
43433
45712
7584
5246
11246
41929
3359
19072
42407
6320
34859
3400
14946
2206
32663
17316
30620
615
5291
31462
16575
9975
41011
40116
14605
12414
9054
910
28235
8006
46746
34626
46727
37682
44203
8426
34875
17625
15906
1374
41459
35313
39525
34890
27526
6913
2893
49386
17414
22433
642
16943
36078
43106
26865
12901
39324
48349
20629
2038
30109
37995
45553
20830
13958
18898
16083
908
27639
18261
2126
7265
17430
48803
14359
48895
32430
28690
15052
41339
20856
45663
37323
33968
41367
24336
41870
26767
42497
29602
36723
18457
26893
16152
16078
34402
39708
47014
29710
42109
45745
36118
19429
10626
448
2762
29642
18524
18067
35921
41300
30577
3494
15782
44351
42778
33487
27793
8172
28036
3108
27866
15592
25896
30928
37744
42188
2448
29729
43435
28901
16587
6612
19112
31942
27026
27942
10744
18595
27687
9226
5215
2000
48835
37143
13555
37117
42871
20903
1153
7809
21953
32873
4365
36639
5290
17756
9644
22088
32550
25099
28285
45725
39875
46035
27419
31453
22434
26520
12899
7335
36858
47051
2752
20957
4753
16770
43512
38879
44647
32132
36984
31251
39014
5736
46639
4484
3412
46125
31643
22189
2046
42289
591
6866
12514
40798
37988
24398
5722
20663
2153
39757
27194
49124
192
6673
587
20452
27012
45299
42437
42184
15915
20799
28468
22499
48726
34305
25686
32464
27090
13136
38270
34303
26366
20923
45359
25336
24725
29711
13810
48028
47140
25617
19162
43771
22347
42014
28280
39170
2004
10312
1369
21133
25801
21773
14539
4001
20925
7137
17123
6321
10652
4124
36932
28038
6908
27871
27575
36076
42769
16443
14804
48127
42954
12655
22417
22982
18188
32859
23859
42748
4546
25304
27655
1595
896
36770
40899
8772
42207
21730
21118
10947
25761
46218
31293
765
15556
13207
46663
32705
36410
43109
47819
674
18821
41392
30379
47082
39167
2363
31589
17776
39195
45542
34397
1477
24834
11391
32560
23406
45200
12235
25249
43508
17304
47667
20825
22459
27562
17672
24280
7199
35476
28074
30991
7003
31795
16608
9820
37579
43833
