36185
21120
681
22049
20614
7617
46636
20806
2568
12460
29166
44608
21511
38863
22918
1409
12128
10940
33396
3906
15273
18602
15958
25882
37054
14883
5443
10141
34273
46136
38712
35568
4695
3856
21137
20375
8596
1200
38133
43390
8151
37451
2703
42587
5016
22925
3
46716
27331
43545
14244
14739
43766
32172
41657
2744
45786
731
9534
49135
45105
39588
42419
7210
483
34484
6484
25147
40815
25137
18039
27219
8261
27283
47428
25815
35042
20854
10386
40617
41401
46059
42006
25396
1445
28852
31146
22252
29073
36877
33464
45682
20650
30254
37269
7872
18051
16040
29641
31115
14569
37742
41468
36472
46229
27841
45410
3093
36831
13194
48427
24104
6507
9446
18420
35842
31765
16870
26021
31846
25347
43641
14010
6119
11933
28913
5686
19174
47863
36891
4557
39108
15488
28315
17590
11220
48231
49444
1884
4020
34428
16658
49834
14320
37459
33316
24090
14705
38135
44879
4696
19649
11044
46159
16888
24438
21543
11776
22374
11753
49088
11513
22456
14570
40893
27984
17565
40539
38723
40792
39128
1076
36159
36163
19408
20106
13917
6982
5931
12967
42506
33630
46204
4171
42417
12643
6268
17041
39509
48648
34603
38781
36808
24510
27397
41369
13119
41140
17675
24700
35320
19694
41150
31635
16470
46689
29319
20598
19525
20031
42208
13253
30093
29766
40293
31551
36139
3599
2104
47716
35702
4056
8553
25500
35202
22152
15652
37385
38753
3234
9244
33200
11372
21469
36104
46934
19400
12794
49578
25092
23043
44439
35994
32028
11701
15207
36626
30360
14089
25673
10841
47459
14498
2956
23889
44003
29298
32177
41960
25717
33497
33783
45962
24288
41389
17592
42145
29126
29793
38205
2146
48167
49968
49752
19168
46957
44345
15279
684
44754
48046
18767
2506
43362
30253
33346
19494
39413
41400
6433
21897
19794
6158
3912
25809
13138
37537
25300
1034
36666
42292
40547
25458
19087
23549
21223
15302
11266
12200
3645
6906
48061
13201
18162
12671
6363
31211
24770
2237
32723
48225
3575
22163
26415
29127
27888
4779
3991
43966
40412
19141
26376
596
4265
45120
19100
11296
44806
10723
18863
37992
25899
23904
13652
28166
23651
44071
38548
15362
45654
11173
13683
35595
9979
39634
41721
18266
2180
13267
28602
37235
31378
39828
18586
44566
21535
34067
34891
37653
10790
2136
12198
9161
46643
14812
34087
48286
37184
1906
29661
10236
44083
12738
21131
30161
22520
15175
9394
17308
10810
17817
41723
6856
21085
23906
25669
13241
37336
8555
16784
40063
20850
29750
38799
494
17196
40630
39684
25746
10102
3918
1760
27684
1986
19268
36
10900
47655
23936
42729
9669
7856
41044
43857
12399
35331
37598
36564
24160
18702
1911
12249
28995
15552
9690
18020
47548
11096
27296
47961
47429
17395
11573
29983
18290
9120
35724
18778
6764
13212
6702
1838
4725
10063
24152
36475
20520
11663
18703
19227
13658
10916
33559
47210
45582
21325
13576
3371
12645
27048
36212
1593
21480
43740
26996
15557
45221
45437
5960
27653
46051
38592
42611
2010
30527
43324
2906
34682
36305
39619
9376
43590
44873
28519
28625
27701
43853
26478
42061
13012
5292
45977
6563
3029
47138
27728
13831
48844
44053
28543
40386
20960
45087
43539
26701
32439
