47804
27170
14332
28666
4943
2309
1130
47925
34989
30599
22370
30292
31306
44681
20824
33191
33330
47038
37609
8721
18243
13678
6628
30914
16898
32455
5506
34622
7477
28322
6695
28312
40441
18218
48151
21886
42581
4122
15762
16664
35603
37031
149
5811
23264
22331
38551
45118
31167
32584
8402
43750
7817
42879
13393
39639
10906
25594
23282
42622
40396
41127
46818
45460
7394
32205
8278
14696
26186
35116
5039
10870
1469
47234
47265
3832
2378
23431
36148
39335
25693
28387
30218
49748
37473
10273
40093
26313
27424
11425
11745
42933
3695
42327
40225
45799
4572
37801
21273
33927
8289
22924
24144
32631
3530
39207
26660
13508
19338
11416
8633
45848
32741
4726
37051
34633
28265
26568
12770
36817
25597
25003
45220
48125
35665
39551
49725
25796
44967
39709
25520
4003
22565
4928
37736
25956
5942
17736
47460
12515
1987
28480
7304
38761
29715
25042
12492
15857
21715
48098
43227
10222
18559
38520
33069
48196
41137
10159
2477
13549
9214
22244
6418
2994
43699
36449
27754
41912
9689
35257
18554
42638
10138
48316
17750
25538
40118
43834
21547
48374
48267
38827
24542
20120
7944
27046
21326
33363
33231
15133
30987
22753
2067
30085
20363
6135
10073
9179
19663
30388
9565
26023
37681
3772
34581
45428
30065
1971
34709
18270
22584
37216
18320
11204
12042
28176
16124
8353
37614
26171
17656
29477
21854
46906
47825
15115
14335
7125
36117
12506
32354
34881
425
30573
43810
23731
33999
38398
18096
38884
48545
13239
16996
37066
35027
12753
4619
24944
49783
43891
14149
16760
6384
17844
45375
31725
49266
362
37011
34574
9902
17759
40675
11786
42336
23686
43616
46587
49714
3795
15529
33872
26863
44020
24359
21247
32880
15122
30754
24746
28713
23376
39806
43838
39961
33558
8406
24642
2192
21963
9278
40538
19071
38925
2817
1156
18198
22642
22570
10633
6263
9956
5975
23026
9221
6196
36698
23801
12018
7508
23404
23960
5052
3368
18280
1448
18897
38234
18884
41282
3451
38692
1511
16006
12278
14571
13662
43471
2450
17678
5115
11276
27058
31903
29929
44564
22212
29844
40089
44602
47658
27356
41322
33205
25740
13283
40097
33141
13820
27230
28922
25901
45747
10522
18900
28273
8878
20905
9162
20169
22440
44030
46667
37621
4313
44037
27221
6144
43329
17933
43472
23141
42723
43188
4404
961
22897
35521
10500
5205
33841
14809
18646
8266
19742
27721
32539
28606
19995
30960
9122
24119
10932
28716
14736
41553
21072
48029
39556
43564
47260
23414
25340
39023
21725
30623
47172
32853
7409
40542
26741
24332
36615
6598
17221
38293
29495
48040
6763
25152
48090
27800
24277
4152
15952
17099
1630
30328
25862
29190
47652
17836
16764
30819
39538
45818
32851
45149
27498
22659
49170
11175
42814
45623
34114
41165
28650
33645
42216
23145
35816
