38181
49048
32275
39422
38711
25383
39754
44825
46122
6822
49515
43019
34937
38545
4248
11880
47796
49146
2862
13499
36585
46827
30582
39271
48693
42702
8150
30983
31342
29677
27803
26579
39054
25463
48741
11363
37610
31946
13749
1140
3775
5658
5740
34005
44956
37288
4045
4987
24911
47244
39776
20722
47017
18364
16748
31968
49593
33289
38070
29250
579
6987
39549
20240
1222
16395
19302
13984
23338
42162
5732
11030
36358
48007
12916
2970
13417
34064
9000
2423
7365
17189
41759
42
29188
17766
19943
47354
6928
11719
5897
49529
27451
15441
35945
44340
13246
47979
8533
48178
28486
31774
35070
13672
46959
2984
36992
3642
35453
2971
27704
9468
2464
8042
1386
2996
47195
20258
26887
16835
4360
40252
48218
32767
13591
49947
10083
22840
37649
6243
21022
39332
5426
16281
37118
8904
12693
3913
47197
30875
10307
5210
4535
42590
1335
12639
32332
24325
36164
19565
12608
18922
11896
15918
41145
37880
13945
1390
18164
47206
27587
40680
6671
10509
48148
29807
24828
30726
31972
18719
15875
30453
20311
18969
10069
35858
15835
47874
34769
20313
15974
47086
7730
25471
16314
42508
49716
7244
7050
34192
839
42190
49500
18469
29509
42550
31548
37485
5989
18009
11986
33023
45133
11673
29875
25779
47878
3295
30690
13979
33202
10139
44271
39904
7552
11388
4092
25238
43562
11925
1937
29707
498
42083
16839
39598
49534
15051
3500
9810
25373
38532
23468
26687
38943
41318
32882
16659
17604
33926
13859
24346
19337
33994
47703
29103
15240
21726
2534
46350
45218
604
26823
37998
14769
5364
16859
19346
23756
14993
12661
23147
12029
7683
36039
43082
47131
7719
13466
18587
36238
36025
47105
11674
21064
46372
17566
9911
43338
32003
46005
12142
47457
15945
25357
39726
49396
46808
26505
36893
5188
23287
8282
37476
4793
27743
39867
1599
5248
46910
32161
43375
24807
30023
45255
44565
39871
38814
42791
41066
44774
44087
17246
25948
36102
34666
15702
3525
16024
12929
1009
36654
23186
13307
1835
12822
261
5645
8324
48645
220
3192
12563
35954
16103
9862
9300
17883
40479
7308
18717
34065
12866
262
30487
12081
15454
17818
43305
18105
38633
23919
