3999
7948
16259
45082
49210
27763
45853
28584
30155
29408
30113
48802
5737
21654
24058
45436
4616
26320
24405
48351
41456
24844
42928
8837
2671
33082
26078
49267
656
46853
47141
41164
24418
26085
26578
28987
39819
47124
10968
28853
18454
49897
34686
27463
38727
25593
7917
29822
19891
4220
7628
48123
29874
21771
38797
44101
5676
8346
24632
42930
39662
6258
19075
14032
36554
43723
38236
32911
47781
25654
46983
28143
17966
549
11523
5905
10001
30083
8990
11966
9189
13632
30677
30175
16250
48739
45509
49047
27242
45926
21352
35655
11780
5104
12263
22349
36711
14776
10975
42437
45979
7755
30709
4632
16331
6379
45156
38634
17099
16026
15564
9821
28211
2607
22584
44651
21069
25459
36596
20421
22424
28685
15690
35529
9724
30048
3318
9200
38172
27752
34371
11498
17691
44041
4842
18747
36622
25048
26289
38105
45629
5502
23507
45524
30912
14541
37867
18614
37347
23486
16454
36149
33138
18886
23220
15243
5771
35575
3471
32211
37796
39151
31200
34083
34954
695
32338
42255
20973
43157
16073
15749
685
39656
35116
28261
17118
54
21393
49374
34552
42380
8427
1074
48136
14311
44364
1874
39827
46263
37821
31669
44514
24455
25890
42819
38822
1701
18717
30918
45941
38397
21020
42018
4735
2983
35073
2161
30611
16198
31820
44434
15407
14209
19232
19449
18074
21568
4524
47782
10719
7782
10311
976
19334
34123
37176
36110
41455
42546
43402
21799
42948
8221
45723
24572
17006
45164
21824
36147
5922
19089
32241
5777
11596
28258
44187
14785
36604
4569
8485
19436
