40581
27221
27411
12464
5219
47516
16271
4906
29251
40565
42044
14476
30800
32513
42114
85
1372
11226
22743
4072
11108
12258
28456
4978
46114
22050
34472
12518
39268
42276
37801
24245
30703
22647
45083
36207
34915
15118
29849
8688
19660
4521
17376
38970
18213
30475
9815
37387
46158
1819
11762
29627
36228
25079
32999
15500
19289
42406
20868
1275
37725
44354
41966
17165
4629
28108
8455
35574
28977
24901
24113
6052
46376
23886
38377
15514
28230
25981
37540
345
49731
47071
32704
39863
36210
21059
27038
18356
4991
49098
23665
47676
12154
7642
39150
24085
31399
48784
44967
26796
13131
22265
27561
1140
38821
24325
17472
16537
2492
2045
44199
3965
22426
14646
10053
26740
31410
14494
16126
26922
35219
34857
40910
45115
43950
14567
39757
39853
8778
15446
21353
19915
44926
30503
39981
31188
46241
46800
8467
42711
47857
46966
40995
8883
22379
24279
44895
18051
46721
7179
14573
26759
11015
44503
9449
17701
22256
25300
25448
43521
16864
29432
919
45914
30462
12311
26653
14182
3710
15163
1351
14277
25915
39457
29000
33482
24797
36884
44867
48169
49691
19433
45257
21302
44888
49322
49583
29171
31372
42723
30675
40742
22528
19974
18305
34769
15135
16998
27880
40201
14141
43918
42508
43635
45646
45313
47004
6139
15668
13580
49497
2144
42319
25994
12654
49369
39335
1699
9928
30469
47144
36806
35140
44735
8435
13430
35111
6348
302
7916
28764
11582
38080
725
45664
16753
3862
46142
15420
17132
18505
18565
2083
24179
1495
25416
32995
27996
8660
33273
49481
21204
24299
48995
45450
20934
45870
25368
33634
22440
6221
22308
15952
31799
12579
45326
48374
43320
4707
6250
2150
15707
11323
25319
44591
18047
14490
48593
24799
14314
31605
33609
49877
43670
20455
48663
6950
36927
18947
19990
22587
49859
20157
45151
32955
49214
16763
7374
29190
47075
35046
48771
8393
43587
25025
34834
35535
13858
7676
15592
21351
15103
31456
26836
23191
6977
12911
24213
1220
19827
33065
14604
36560
3829
36946
6527
11976
20807
34495
24865
6071
28194
18084
40374
38040
40253
13765
16321
29555
45992
17348
7082
20969
29286
24088
41277
879
38987
33957
43704
36428
6291
46222
37477
22013
26217
30176
11110
24230
17477
49033
25595
49375
40375
47000
10410
31374
11337
26010
23954
16339
44982
11057
153
26121
37079
16276
28402
29725
18694
41582
15284
36239
33770
35919
3221
43895
10368
42222
1085
20467
33117
40042
47271
103
