22020
22365
174
6804
19444
28415
15683
3443
25998
13479
24510
31298
47395
6261
21584
5745
21658
27306
23796
24765
14915
6428
34161
8448
19226
34485
38712
26008
34456
21718
1314
8790
24205
34166
9256
41026
4835
32136
22237
19492
39649
24310
39009
19956
15490
11187
23092
591
14238
951
2435
10000
32007
5814
30031
49771
28315
32376
5957
25646
46927
28348
28794
2279
21825
12588
25183
24121
22868
15478
47235
43713
9914
19039
32199
21527
18212
36652
26222
20330
44439
13153
6671
43128
45501
26283
3343
46536
46302
27787
11848
10287
24534
33334
34898
29480
39631
37390
8231
29679
41940
40717
24266
39564
34198
34703
30220
16901
36802
28985
25322
23316
20059
43989
38926
26583
20218
24674
8929
4213
156
29501
17755
28972
24969
545
40435
6569
3312
4969
47866
5851
22373
45087
41647
16312
3490
37365
39756
24898
43733
28115
34489
22805
4312
3805
39636
25275
17669
44829
11160
7307
22734
16023
44359
48553
9519
14033
19066
28004
4462
21444
42468
49208
49634
12502
27419
45211
8289
45931
26609
38950
48686
6818
9794
26353
28564
12475
43352
9948
14388
610
1929
22718
14806
7902
44429
29222
7913
12362
3165
45386
8327
6663
36609
49754
39349
1669
29009
1078
43082
39776
36786
28308
47559
49466
30594
10418
5141
644
47651
28491
38206
16438
35454
15559
44846
40299
10165
2784
42854
44453
18349
34486
8256
21822
40991
45686
2641
12158
3254
13988
31548
34522
32343
42180
19918
11071
23118
44716
8666
41193
32516
18170
15060
48497
23843
12424
23691
27750
36748
6082
45822
33584
15093
4495
2270
21622
41031
12399
6307
15489
35136
24647
17381
10196
1859
48288
13107
12995
6956
7297
8545
6029
11499
9906
26681
20155
31120
18683
9203
45407
47688
29021
48279
7293
14461
47106
30060
43149
10599
38862
37689
29349
20952
5767
35135
36670
21434
24788
9191
19120
12405
28510
40668
5453
19245
28006
6096
47246
34710
9289
5580
30298
25815
19392
9641
49146
36821
3624
8115
18792
45415
18758
14546
43792
41197
33549
20946
7647
48028
49408
33105
15239
44085
19839
18827
20518
10992
38427
37019
1545
22995
37671
32103
26958
43740
20876
27968
36053
47944
37820
23432
37310
30261
18183
25540
27774
36281
24410
35687
7056
29450
18551
27486
3625
48672
20912
25325
19304
18465
21224
32068
15648
18243
46934
17252
48812
45295
10896
28019
11866
29429
37077
27021
30265
995
5050
26255
47385
37314
47632
48587
39133
33460
1700
40073
43634
4385
21243
29764
25034
44602
30003
20321
36174
501
37586
6546
788
1918
27652
17342
46589
47507
33831
20675
33921
43738
3523
1818
44404
30281
20611
13876
46701
14503
11376
47615
42830
47372
26764
8526
886
43858
39701
3076
33990
32763
48106
24891
342
12872
3400
49704
18808
18381
30944
38791
1374
7968
19730
43102
3189
21193
3901
17551
33210
40756
35465
42538
27342
28092
9785
2019
13633
5128
19951
33434
43856
24958
17656
42
26689
27989
5298
25158
47176
10176
36097
19315
11697
44847
45417
41795
13534
33573
34773
37332
21340
1594
10233
13423
26924
24255
24033
17661
6678
37279
