20595
47276
41411
41806
37696
30441
15348
37876
10223
26084
7568
31288
34382
4512
19643
37458
25489
45950
37145
15902
3203
24220
48440
30076
19842
3120
41611
38936
31656
30262
45775
37182
47288
33188
11689
43686
15618
23171
15098
39017
32067
33447
14505
42682
350
8974
26898
15127
27632
38805
21360
4589
7591
46424
12516
20623
8268
20951
18755
42022
42996
44252
45055
45973
23342
13608
12761
15419
35620
45373
44694
16822
47228
46444
39398
23254
34595
35214
48132
2446
44596
28023
44233
14383
6990
26446
40213
43392
13724
31598
5377
11637
45517
9466
8650
49655
40356
32089
18490
42935
9281
48060
28896
602
22560
16827
37884
3758
4395
41485
18672
39357
34260
1004
3874
17662
15741
31028
45090
4690
35289
24863
46072
16576
24148
812
28562
27204
22780
47194
44764
34163
40472
13108
20061
6406
36914
16353
46246
29511
33338
5774
39680
38839
11759
36052
39817
191
22061
9895
19473
2708
33900
48453
33286
17689
21576
26201
25260
21563
24372
25532
19277
32911
4931
4549
8841
1258
30855
28248
14972
23626
47678
10332
42310
22169
21807
30479
5265
42140
3353
14801
43408
29896
17631
37869
41119
12347
9290
41528
13037
20697
48898
20441
23067
18747
21795
6704
22214
7906
38641
2100
9499
29260
4523
35545
9024
22955
2225
27126
12556
23914
20896
29837
40526
28581
4945
34026
48201
8207
30806
33733
25224
27980
12925
35467
18664
44809
16409
629
45651
18582
37280
14265
8417
46415
12796
26924
22655
40803
8814
21006
49174
12894
36898
1669
12438
31252
34970
29991
36011
17541
15742
1439
46867
16993
2560
17747
16852
37593
11560
36142
48867
27016
38982
31358
25789
21700
49694
14859
5482
27834
8439
21986
43067
36796
15946
2299
38022
24431
10591
36761
8377
18641
44981
34018
19077
17568
33225
44052
27393
15870
18592
34130
23668
24073
48565
5061
27744
19225
36347
28874
18570
12473
43337
43395
29995
10408
5614
24367
19695
19288
12657
28592
335
3528
40062
3328
28579
29505
24953
9944
20715
8927
10848
44179
14549
8043
43095
36175
48520
30471
20310
14678
2975
49852
11338
18046
43065
33277
38988
9763
6270
48181
17881
36619
13844
24898
15460
40226
3929
8299
9065
2073
49355
48909
30676
42782
30478
10066
5321
14480
10031
29481
4035
13096
21433
1881
3545
40730
26727
19953
2016
44175
35809
26063
20538
16423
2466
29936
41265
20748
8138
3239
34361
46330
30120
16535
29973
19431
23049
29432
15584
2847
32620
47152
23242
34884
41974
35886
42972
6925
47786
16769
39186
32968
31431
48142
21159
3846
31346
20531
3447
9882
40700
25722
30307
11654
13390
18711
4024
3131
18563
43871
633
30302
49595
11680
11640
41283
25076
25885
4428
37967
24030
16620
3781
12520
18988
44368
26747
31076
12122
20682
11590
23471
40099
20551
21090
11456
35685
1504
30473
47638
23799
1541
35112
31898
35635
10354
5311
26153
28400
24515
32570
5547
10691
44962
21625
13753
2040
19656
42681
19129
7971
11131
28861
32141
42186
26995
4462
26810
11818
49172
37352
19314
40518
22888
18600
7168
9697
43695
16163
42247
7404
7691
10609
24169
33933
