39960
38197
20907
34868
819
3407
1074
42739
27504
1124
3657
36683
30314
38797
29158
12722
11532
43615
12970
13496
2480
34834
15136
16276
5329
47821
19247
35169
41320
4253
32989
10719
44060
13825
44413
14712
40355
47908
2174
49590
18302
2823
47971
42983
21837
25272
34471
29691
4657
15433
43723
41497
27519
10205
20662
39555
44827
19960
4090
39004
41220
13500
15366
42957
9919
790
37846
14994
41883
40551
11853
39408
10847
49423
5747
16018
15363
38451
13714
5568
11883
41279
1909
46986
39804
26447
20976
11707
22979
48721
28872
35562
18295
387
29215
41606
6748
1102
37642
25531
12314
40873
35486
39890
20738
27923
16030
16105
44302
44036
11598
3355
47477
28185
11275
11493
5619
10815
23195
26241
35039
13741
34480
23021
24283
11985
42180
9596
28490
33089
37928
1358
40147
23858
47840
1816
13343
46821
7162
48168
17187
10207
14553
36782
12005
18245
4694
40370
12019
6346
28162
48907
11982
38121
41672
12726
22884
41090
45510
47927
1298
16221
28806
47387
27924
9447
532
25876
25040
30424
44461
2013
41578
28478
44684
40822
38818
8105
13610
47854
11421
42039
48796
40078
3478
6545
26388
18902
47528
27347
13579
48052
34439
14713
34426
23579
45190
31738
42404
38766
29684
35403
47417
198
28269
37493
1965
35265
40932
48303
25422
18889
37203
48269
17943
21552
6865
46817
42780
14350
48953
29086
49892
44844
41714
1650
48058
32138
23063
16961
9531
45854
16729
34147
10338
32863
17347
16079
35542
32922
7037
17406
29361
25649
5765
6634
19950
18498
12724
20599
9315
9128
38600
47334
23344
37939
6947
41381
25393
29327
15434
19566
11547
13461
1917
9308
29868
27937
27966
36005
31796
20669
9341
42483
33863
16493
4299
33569
40299
44802
39604
45608
14980
2207
29876
5489
24973
20516
25850
4559
22638
499
35499
30794
22512
3725
28267
37556
27404
8140
11211
25943
19086
31194
35675
40240
24110
42555
5131
23126
