18427
26364
47938
49563
8382
43438
42322
47284
20753
39693
12256
46855
5046
39340
8542
20267
13837
29
28005
34094
3330
39126
21988
38329
46615
14007
13180
38484
31202
41516
48862
48436
33261
3453
21842
19908
46749
185
18055
13540
9222
9428
26577
29081
22435
18892
28651
8213
11109
9692
11738
47972
14022
26632
6365
48815
10957
40436
48198
47523
45044
6902
37804
18832
45472
7382
47789
23665
17619
39037
4480
11972
18605
10667
32721
14617
18417
21347
21517
17279
37637
18411
43136
42849
25611
24808
39883
10125
29561
4019
42836
11876
1901
20877
36112
733
19034
37768
7878
49496
10284
24877
27912
41650
18791
33052
35505
44847
48698
4232
45217
40053
23945
6714
41585
7991
35852
6165
9845
9504
10231
4556
21527
40185
32858
16714
16700
31920
8154
2493
31759
6457
31361
14614
398
38173
20823
1437
28888
11068
49293
40435
39002
3035
46315
33881
10484
38996
40193
15438
25855
23763
20966
44485
22572
8318
33605
34214
49374
5766
21270
19910
28148
6370
17518
47430
43752
26367
47385
17222
19780
14658
46543
31623
43665
21522
2435
31089
1757
9225
17083
28657
28582
42847
38508
18327
47137
37716
11224
46442
37672
20771
9719
40535
38290
15282
12712
27177
17397
46709
1970
34386
293
12499
3987
34179
1053
13535
2212
27821
10991
7838
171
115
36286
22281
45914
32209
42731
30718
34549
38971
22295
44211
9189
39304
36938
2950
10736
21151
9268
41040
23256
40238
36681
36638
47212
18113
35524
33598
30323
35057
760
46633
46717
2789
48134
32346
937
5360
26949
25639
34441
33843
33153
41408
3712
49768
16339
1518
47398
32960
5368
30588
1340
43361
15106
4934
13268
21176
46477
5203
36763
12011
45637
38115
13840
35543
43548
19553
10241
687
43946
24990
22742
16739
8197
16974
26325
49583
12573
47532
23232
36981
11591
21496
9400
10543
38055
2925
1485
33278
23474
44204
46297
44924
36337
31708
26787
39028
12588
5161
9039
37810
34156
1279
7969
37781
9946
22507
7333
9063
41983
24168
26750
19642
42390
45531
23898
32789
2599
25245
3186
419
6432
31036
30173
20677
41444
29914
222
46119
12981
20735
24224
34576
33768
11171
13080
8718
34202
44166
11504
9171
47077
44781
5701
29018
13971
28573
46460
46486
24495
18038
7682
38975
41644
9424
49753
43239
38274
23144
12507
383
17807
1085
21815
37083
13988
24992
27140
48017
18079
26904
36799
6159
43191
33728
23472
43444
36568
31068
6063
9709
10862
22724
48050
47497
47263
26032
6721
47916
15657
28596
8540
5184
47885
21061
48573
13994
19672
24128
41867
15670
21127
15168
42182
2320
4876
15703
23708
13007
18729
35723
22856
33718
36036
29339
11974
41988
28697
