30273
3923
26717
40596
13624
15385
21651
43194
43137
3780
12483
2217
24825
3722
34383
19374
30611
17944
31132
34949
8059
6232
47657
47250
15507
13671
33884
18856
26760
24402
37615
44868
44301
8451
46018
32947
46142
8745
32774
35570
35666
17407
27908
23657
37046
36242
33711
28717
44692
20585
36267
3707
15249
43409
19594
15622
6662
13002
41436
36176
20719
43483
8827
16273
7435
33280
19275
24179
21462
10369
30221
17024
27380
15163
30203
43627
38505
22917
32338
38231
49332
35648
18596
21030
33446
21272
47995
28090
19792
34125
28068
10559
17259
22104
1967
3037
21238
31439
10353
1825
45392
22693
29046
4069
1611
18528
24767
5226
24447
8395
33544
48441
22950
38675
49718
2481
7649
11983
8777
17372
9145
35416
22679
47931
45867
15323
44394
13786
43393
26482
11346
21801
2451
15089
40061
34167
30006
49439
48360
41382
48860
3480
26410
18553
47022
23182
32870
38227
8086
12814
12261
46234
43499
36149
36745
13282
32311
49964
10714
49158
42002
18952
40911
5244
22729
30625
49434
2381
43421
7298
25104
16843
1086
48616
46968
43325
17597
9551
44624
15796
12976
32928
34454
3262
20331
22676
29769
1169
42514
25559
24202
35107
35413
10995
21491
37383
38709
27534
36343
23895
36415
12714
8855
10376
15815
25820
13876
14157
7704
39952
39081
26408
29685
14011
42897
20861
43547
45020
30895
2531
32296
33360
2959
29417
19675
5183
42356
17618
35652
2399
30631
18087
4762
29599
21658
17925
46369
5675
24939
7257
16031
9828
43800
37811
18205
6022
35125
9180
41686
47946
32762
33313
46238
4682
49760
31314
15890
16167
30078
14423
3567
6792
49933
42926
17454
15714
47047
19079
27676
27786
3940
14887
12140
12071
20768
22185
3327
15180
20236
22892
47546
21175
48447
29816
45468
44097
26761
30531
47962
41079
27810
5696
7214
4637
37636
13038
43272
27437
4031
43729
3523
45953
12316
6172
37233
41897
35941
28686
11438
1330
35567
40081
42854
45955
42585
29154
37655
20128
11055
1991
492
36121
14097
17030
20439
39979
34053
44507
18999
37181
32533
34294
3663
9497
8579
9110
7903
14681
29846
41701
44578
19823
27183
26150
40262
8346
3363
29959
43102
39762
3578
23854
19317
49316
6184
9584
44888
17478
43549
18631
19597
13436
29512
13063
6110
14115
35015
46697
47029
14345
32359
20871
881
7187
5337
31743
20260
40554
10081
32838
42017
23754
5166
28656
12903
2230
7616
21899
40438
47739
34180
20532
15235
26432
2814
47306
28210
48469
36688
44346
14094
21961
5232
23701
8788
43436
22999
24729
5192
33681
29907
1337
1071
6060
28539
7392
45158
3723
36402
11863
42368
47118
6826
27164
27659
46764
11681
45187
42696
36592
31065
39977
25698
5158
39759
5946
36754
21945
40489
9336
49745
33517
1748
17050
11643
11189
22509
45479
40085
40943
43764
30250
45112
30024
40992
22945
2709
18948
24484
43001
43817
38565
31864
30720
33888
11888
42945
19206
25384
26495
13210
43663
19581
8464
13894
18857
9672
6854
21916
41670
38903
26164
3180
48843
22544
46023
212
13354
37414
3992
12768
32514
29552
21557
46311
37293
42003
7801
49461
23190
29536
5243
49406
28619
11954
49301
8979
32274
12982
12855
3102
16544
18003
10253
46513
46842
26306
13053
34279
25949
26946
14297
30899
47054
39954
15935
9511
33251
5326
25294
36958
36057
6163
33001
1083
23977
14278
45102
3173
32780
43064
45488
38279
37357
1718
6941
38102
49890
5921
34203
43984
24328
26745
16042
36226
29569
46997
35839
4006
16143
31567
1307
46115
7601
32956
26872
49866
1309
8212
44767
25844
49942
24909
19503
38467
25849
44284
32099
38258
30791
44360
37970
22279
20789
22036
1686
39893
13933
7493
491
36584
23127
21409
36406
45885
29720
42534
26497
20510
37601
38498
49868
18430
47186
41975
5550
32727
14950
42384
45252
28505
13771
14588
19403
15658
1560
3285
41789
40843
22376
46812
11462
49023
24850
