9652
28128
9668
2064
26600
48173
35416
16639
42943
10616
36446
2904
31684
47871
22248
25645
40335
30888
3268
29880
44841
14092
39224
40829
47985
39237
21063
32187
40990
20617
21075
46981
7762
34177
35307
13722
27138
1855
4988
30301
21065
5106
17281
2209
37053
19770
36496
33796
35160
42579
14162
5326
4777
46781
18092
36662
17142
44100
20101
37377
6866
15722
15447
24744
22029
25134
14011
29675
44423
15416
5208
3111
3339
29343
2308
21686
42458
20954
29177
18523
30057
1625
3960
44664
30766
38656
32710
9125
27373
24465
14717
44321
9523
32226
4798
5518
38584
24580
21043
42115
16806
528
39474
33692
15605
37288
16943
12591
19619
3608
28482
36676
20225
8158
5843
41829
19408
38108
24384
27323
33597
3944
41028
22261
2456
5424
7206
10040
41474
38605
7446
5774
10652
16658
18301
34525
22998
9065
7103
25703
25430
33491
47247
36872
6081
6594
2024
21125
40095
41968
14716
23783
27203
21588
44628
16119
1716
19123
35885
12432
44122
23437
32441
45542
13942
21632
37435
48437
5252
28301
14099
40532
15870
1316
25959
10679
41549
4531
42342
41494
21973
7302
27658
7649
14451
17564
26105
17220
45138
43971
48556
40250
48697
19761
2371
30417
11809
28318
23788
43075
26512
25510
17469
16716
19668
15667
25706
42540
22444
32274
35085
45937
40684
38112
39583
27058
20976
24668
33208
5789
14978
6388
2290
32951
14375
38504
20884
1652
12939
23914
7889
34628
20154
36909
48055
39113
29250
25046
31367
22027
31368
21089
30129
8052
29136
4348
49810
12883
16795
17093
33929
44346
29077
19720
32489
1798
38325
26157
30765
16148
6176
2137
1284
25124
17591
25804
34959
40754
6155
32561
31257
49309
7706
26990
20962
20069
7658
6076
29631
3777
48363
27825
26210
10794
48488
17533
29330
11273
33390
28565
16366
35818
42635
29358
8254
17862
41484
47467
22794
12771
11152
43454
47375
47687
44246
32923
24681
35506
47504
16193
4758
41242
6549
4498
19
3460
34684
27258
48147
37673
35786
23758
22996
10988
43886
13007
47633
12054
35238
17396
24191
34990
41007
22628
17289
14217
26886
11509
15682
16751
43001
45855
46307
17945
30567
7860
39499
31412
32427
35822
6783
24275
47637
14732
23207
4918
17336
17946
40336
46185
17587
5448
38846
20114
45016
39166
9795
8275
4207
45639
1925
45807
2579
35808
550
35954
13867
45977
39227
1521
14331
49264
20012
6724
30179
13617
37467
39415
45910
46194
7779
17326
43450
27412
24853
39426
30682
31689
8889
46971
11953
9489
8544
6077
16044
18618
28911
27106
20545
4848
10007
24518
26013
29904
43292
30896
11347
13203
20196
34872
24787
19218
39454
41153
8524
1104
15540
46443
27436
13920
12718
17513
22576
39895
