13506
40940
14156
19555
6968
15150
48554
10045
28827
9091
29253
6006
22828
9759
21166
11724
41819
13452
20010
39327
42502
17727
17199
21849
26111
21729
25570
23699
5144
10694
44524
9815
16256
21216
40945
26793
13348
40051
49630
17809
15655
39524
35337
36820
25175
14413
21907
27536
1922
3783
1997
23236
18632
24123
38828
41507
29967
1003
43033
45347
17387
31277
26901
33067
31158
24601
32609
48951
18943
19667
17846
27657
28381
42372
6284
26354
46755
45032
22718
8176
27819
30628
24769
43668
24046
152
21264
23449
32189
11632
4920
45393
10070
43268
9790
46117
29732
13981
6498
25986
42944
15545
25056
30395
43168
41520
28065
15957
21473
13069
49395
12131
49240
35150
26115
11688
19184
33865
12239
2250
24210
4150
31218
7557
13274
3039
17617
4189
6985
4052
852
41947
41868
1447
28337
32998
16136
42277
21519
7767
33103
41083
30259
9271
35154
4622
39446
45456
37531
14370
6525
7771
8520
40633
10477
38049
41222
44634
31508
24782
19700
21697
28700
31
28949
12606
4551
2254
24757
19839
27878
320
26335
28885
1863
4215
35306
22634
5289
15091
3198
37930
20429
20986
33513
34920
40557
27203
48300
9235
30223
18612
36647
4451
45629
25409
48273
13581
7519
7200
28283
27580
14466
28008
3008
24866
43691
10311
12674
14784
28169
38964
14349
712
12243
8757
36535
7705
31689
29882
27766
1251
44887
35275
16172
15828
1995
5660
35498
44959
3971
27372
45216
38643
49773
18425
48697
31867
18412
14411
31709
41944
40858
49257
13898
13284
7822
37179
13791
23086
35892
14470
13766
863
47781
5459
14109
20069
4305
4111
7299
9927
40250
16425
29855
49073
13685
11351
3676
9465
2452
39104
44447
36522
49605
33105
48245
30500
16890
2800
48315
26229
10060
17005
2473
32581
39293
47196
22430
37365
26782
14550
20724
32007
6608
197
2648
16593
29305
6948
42962
10577
14373
16057
47616
11595
20841
47190
3848
42453
38873
14577
37972
981
39500
7556
47771
43571
44223
35164
32543
29255
2837
49644
27357
24867
30417
48790
17761
28890
48323
18465
10716
31228
21140
13802
983
26700
11709
23848
21850
49333
3311
22032
14699
41527
32887
43462
27211
13559
11457
136
44935
35188
48340
33533
40152
23156
27414
13222
18655
13612
17569
48691
22984
35060
5851
10666
12377
11283
18800
30579
15254
21054
42008
14435
33477
17293
16529
2980
18915
14929
43454
8171
33110
13447
2772
34832
43503
18444
26958
2121
28623
7758
19133
