393
49130
14074
12437
19930
5996
10042
41161
20837
34595
9426
28517
2319
41012
19527
46154
45826
32493
6171
9280
42185
2672
19086
29600
20985
48956
44232
31497
46291
36937
34475
34315
40362
44893
15797
24639
20888
44750
33854
29268
24101
27435
16755
18503
2333
372
33578
7896
36502
34409
5329
866
45860
1686
47577
44227
18846
14990
15484
13150
49916
4626
49275
21605
45094
17293
14948
19673
1057
46508
40159
39961
31717
48496
42880
3971
34590
31287
33652
27773
23311
707
14706
47033
10879
22449
11066
15417
24267
44283
24721
10849
30603
44691
32265
34894
48299
25722
18004
40367
14771
45637
23121
49802
15134
14138
47091
49162
23696
42769
43707
47146
46884
45811
689
5155
48429
23144
32713
24687
48969
10882
4062
16492
36775
27776
14249
24196
28607
14384
649
14187
25745
25401
22994
19093
40187
14400
20557
39627
26925
4890
3387
29073
49441
5005
23637
37181
27104
36684
6710
46212
43722
11815
40605
1717
953
12452
23531
30507
45260
17645
7430
31656
39607
37716
18405
16129
16341
29248
46627
44290
24658
37509
45070
34271
4412
23412
10049
21868
46492
20201
10781
1354
1352
41000
48263
25920
15558
9201
18141
3279
40874
35213
39110
18339
20135
46947
21252
33274
36873
28306
35896
7333
1791
19718
42339
37964
40951
30553
47206
2678
47799
33777
44890
48793
17728
40647
45773
27211
3341
7138
13443
22103
7456
10358
19473
8676
10167
39322
47126
19546
17790
28756
17373
40192
24975
23416
21829
44983
45515
22461
25499
34273
28358
7113
18771
7919
5097
1467
39709
1901
24800
9732
27129
216
10993
19443
16969
25273
2218
8844
20565
8122
37566
47675
47356
10920
9241
8487
35620
39871
47792
9793
28043
29128
1001
1033
6560
9549
11212
11119
44733
30622
15299
15808
13043
35432
41709
36433
17600
8787
48737
22683
10413
42518
37328
22354
33263
10976
24339
49085
3592
46159
29020
9205
38740
14479
28187
32847
43601
26309
38494
3459
43236
11928
18921
18752
24234
37198
42544
3119
6915
35214
46690
41696
34932
329
43828
29266
6534
4489
3832
5225
19335
46915
10914
5451
19470
48992
44395
19290
30319
26286
12900
24517
32000
23440
12246
737
3180
45567
2872
10502
32616
39671
24565
210
18214
35667
44917
16360
23820
15533
18734
997
22471
37519
23055
10086
21384
41284
9823
5488
1746
13243
18909
5708
47692
3983
38896
46668
15979
7149
13495
42875
13337
6227
21507
36832
13460
22649
46083
7252
37277
29788
19156
23007
4313
1223
2427
37707
966
13574
24672
47099
5305
49767
5591
16054
11470
37827
13317
37469
24603
24976
27952
36700
49241
46009
47710
20116
14992
6
42364
32577
34753
40985
16584
19621
5378
38711
14250
25399
7946
44102
40691
11472
47168
39658
23672
18138
30749
16478
34305
34780
41914
29142
40141
718
42541
15387
5906
24890
9047
8358
46621
6726
