24241
24063
44518
47148
31467
17557
22421
2551
28615
35944
3481
25071
21249
13139
37373
20280
48395
29261
29283
27834
15831
7373
46198
10052
40909
18764
1710
12091
41259
25049
44684
10234
17618
18479
35170
43629
47292
24710
28352
46486
32891
40193
17147
38848
49417
33839
20251
22529
37649
12485
43602
37831
6634
24542
35895
11448
13604
1907
32775
31224
21368
29955
28390
2263
4929
46704
28582
27240
34657
32827
3613
26814
46269
29939
4111
12003
45027
35149
39185
6295
18989
1287
3718
205
42030
31466
22755
28772
24079
36162
23542
14559
34527
21289
33359
39102
679
39336
38412
37461
34723
35057
35285
42477
20810
7811
16698
4075
42064
28423
28786
45905
12761
26033
24659
36987
25297
1216
34944
22753
12614
13233
41999
934
19701
25161
4739
568
16066
35856
19578
2125
42506
24151
22830
29494
9904
17810
25237
32228
29328
23627
41257
5926
1978
21739
43781
32810
14155
16887
8087
184
25993
26154
41224
41483
16905
14943
36643
30493
11797
41660
20464
46924
41464
15084
38591
17084
41889
20537
12741
10606
12753
38966
4308
48915
11767
26352
36268
41350
1816
45777
20730
40649
49918
37694
22225
25474
23539
24999
24493
37305
23390
4797
36146
8741
39542
42006
36723
40737
36007
12540
24273
38698
37513
21532
16414
49342
10322
22621
6808
26931
47098
34870
42361
45132
33545
20601
21751
44013
47736
43403
6055
1291
35083
15174
43032
46442
42248
39209
17493
40108
47130
28364
38587
11605
40897
44936
22933
4815
1240
41976
23894
31771
6475
29651
44927
32637
416
36009
10416
15492
18762
23445
41735
13348
27389
25632
16577
46297
2484
23679
30715
45748
28835
12341
10469
8292
30203
472
9493
561
5882
29779
40430
4832
17706
9268
18569
47198
8726
22559
49291
5402
16853
30016
23425
26785
21404
8652
13314
25907
7242
27950
38013
39106
19373
6913
34670
23164
9582
13078
38567
422
40518
40589
48434
13053
30859
23438
7391
28260
30669
29824
15886
10843
46607
16463
23909
47662
20766
35261
35953
21491
28604
23233
35761
15112
26997
30225
1418
42733
42862
20217
40779
12203
2136
31317
48007
35112
15177
27948
18508
38650
19785
40795
6023
3612
33000
