17491
8812
47880
16490
4301
35043
17686
21315
3387
18539
14164
27152
9997
23082
49620
23778
41219
20174
38429
43388
16538
8694
3389
21788
11801
39807
10417
27926
7325
42143
41820
36445
34705
41564
11796
39984
42498
7027
35765
30651
37255
5382
21233
45853
1141
10250
43487
21429
2742
16107
12503
15019
9363
11529
3554
30808
19231
15404
20984
37926
22219
44016
24214
16568
19257
45696
29630
42525
30693
49070
25768
28239
38487
25349
35643
7217
2870
16512
18874
45155
27293
42761
38609
37805
8945
8416
6148
5134
11627
4805
40184
32639
8895
17149
1732
11958
32633
48279
12268
4603
5127
2785
7662
13882
38923
19852
26639
46127
7886
47350
36055
30468
46384
30866
33310
41910
8909
39927
32143
37674
27325
14224
5516
49604
46946
31166
18619
19470
17251
4760
45828
9295
21995
316
19051
29419
24927
32573
4162
30513
35089
11417
10150
36594
29976
21937
12662
30665
31338
14310
47271
3414
11396
11934
30550
18749
1993
34121
26819
13439
13351
23979
29217
5783
31398
21638
47464
7854
26427
43186
44278
14140
12144
18590
13819
13633
29394
40980
49814
25670
41004
49139
31222
2859
35038
7810
40677
31034
17533
38106
69
5842
48124
16567
38591
2096
32316
38458
460
3175
36835
9749
7313
23224
4170
45699
2408
26938
1989
29130
40273
14136
20818
45809
1506
48978
40989
9606
16536
40379
16523
7710
18248
22141
43345
10022
13349
36716
49036
36243
19726
15636
47714
31809
12383
13316
627
6740
25743
33807
5733
22151
12480
14015
48478
36696
44427
28366
1218
34975
11413
36122
40254
46533
7846
34128
2760
6901
27342
21036
44068
49120
40754
25522
34731
29774
13101
36395
16527
19746
25335
7753
42781
45817
24387
4645
43490
4473
34266
19762
42212
18918
33397
34538
32341
42597
37644
36800
10188
20149
36724
1326
20631
46258
39752
31255
32136
12323
16047
39941
49015
49176
26361
5953
19450
29723
48559
1297
5356
18639
34323
45452
45235
7807
23944
35507
39402
9771
33880
10461
46263
5713
24705
27074
32427
19958
9421
29230
3938
26340
39142
25774
8792
2562
34637
44317
27891
26944
17914
10867
3267
5852
9294
23169
8954
34335
9324
2647
14344
31471
36206
34160
11911
15185
42572
10745
48696
7747
24042
41352
46509
29244
22429
27683
27345
10727
47754
39470
45613
37632
33186
7259
12889
4783
46715
4648
22113
20808
27643
770
1459
46209
21828
18367
28937
35436
9517
37520
13526
32182
46990
24251
41359
36079
8400
3996
32018
13265
46020
37065
11904
24634
20775
33583
32155
19668
19179
21377
42296
25034
19106
38572
34913
37298
23613
14354
36094
31877
41921
19332
7981
29919
1918
36900
5143
33452
35872
30886
19182
9317
21369
18488
14514
12407
29449
5792
34353
46481
36070
38820
49280
24582
33874
27276
32942
3060
1294
11827
17555
18825
18965
1821
46076
29516
20132
37403
46189
41212
32212
44736
7109
24954
4641
32391
12834
9897
7603
48233
21173
49935
35516
26040
10587
7074
39590
29746
35030
40563
41084
23210
23080
41240
40562
45639
19335
30860
20961
41778
26288
29408
17220
14937
45085
42185
36304
26185
15596
1249
20448
31078
12869
46492
2328
10228
15802
37130
34778
25989
9301
39798
32862
9624
46090
26487
10041
44773
19251
27645
16241
39713
44794
44329
34433
41387
35966
25087
25131
34806
11647
47467
34611
29496
30779
37951
31817
22996
36760
41827
39983
1646
2133
19921
19819
1419
16627
41891
44236
17426
33714
23117
34941
42964
13152
6845
32618
49360
49107
41015
32090
22052
46052
25339
35287
39395
3734
19287
36590
47561
10757
18274
19513
14016
13722
24976
25993
7343
4644
31347
43185
22776
23346
26385
41756
19526
40794
24578
13780
34791
177
8345
14401
10099
40032
14512
8380
2640
4500
3199
24228
38021
5958
8408
28383
38598
44664
1931
29847
22666
15123
21847
35783
13097
30237
29211
7596
26011
11819
2990
10988
36020
45600
6496
13503
18879
25842
45993
40444
29373
20071
21499
3640
15604
8076
697
47491
35
38342
17497
40513
7798
17770
28145
10258
37432
39021
31939
32524
42119
39617
15037
22323
31461
38596
32164
13745
33347
18012
4732
39046
46960
12757
39742
9105
13798
23784
17393
10973
11630
30465
39003
3933
22025
2550
25468
39291
47466
25321
13371
26255
17789
1270
20016
34465
43486
47565
33194
30700
5830
13807
8344
32428
34542
21057
4769
23867
32159
11165
405
42317
24895
21711
967
36766
23937
27679
13541
29623
4376
40387
24492
1540
11990
24249
36476
38570
34767
39820
4434
32537
2403
38710
38368
37032
39746
32667
9305
28812
14630
31948
25433
42316
41126
20362
27571
34789
4295
28653
43952
325
14760
12504
42922
10181
17451
16992
48804
25431
26486
3864
6103
13826
44635
5939
19442
26575
10442
39338
26928
11139
33945
8322
14031
9645
45402
34254
38735
3863
17169
31085
28088
15498
30029
30542
8012
31097
1394
26842
42001
31377
