7012
19646
14563
34424
38077
216
2982
24309
8577
15285
21444
17324
16565
16696
33181
6838
38414
45826
67
20113
40963
44282
41370
13788
16915
3592
46915
49824
34774
14453
8504
14561
12468
21989
38519
47918
3284
2273
22233
2559
29533
28069
28264
24014
33400
4061
6151
33112
24213
24555
49262
26266
5790
49647
35771
1985
450
28165
27173
23025
32997
11912
28696
17101
7182
28331
45714
40817
7897
12393
19437
15496
34485
38437
48980
35078
20627
26377
5322
44290
47052
45999
5540
4427
7269
45718
28848
43957
21894
40205
12465
44141
22460
14050
20341
39150
32244
2079
18608
12003
26945
9782
7293
38938
45521
5214
26435
11197
39226
4321
31196
22275
34372
12952
41977
26274
23203
34259
29484
42444
9166
39624
10336
30232
