45398
16358
39344
14545
14983
18935
32135
4178
176
45048
41579
21562
42175
19907
23180
29819
18056
8895
36616
16313
7573
38920
8332
18761
6626
2623
23711
22315
1460
35361
12550
29974
38305
8470
20058
49781
41223
41639
47431
22187
10967
34707
47060
6553
15466
41140
4518
30958
30291
23616
45647
48409
9209
3693
43896
43680
31080
9692
18626
7214
36673
17194
770
6124
20269
6073
45345
3009
44887
7317
36553
10576
38399
32025
7372
17757
42848
33526
33678
23453
3817
32104
3923
4989
40645
9603
15389
36036
24323
7006
7482
17834
46809
31521
25611
27439
787
10128
2754
20415
20687
854
28677
13747
20847
39407
33468
37072
13411
41519
34533
16485
10978
48916
29866
48818
1210
6201
42483
33886
6947
40303
42460
26065
4727
20023
6427
22189
41955
43025
44558
19383
6063
11556
46203
17005
9275
39518
5384
15764
42747
39346
36891
35998
24134
49967
26660
9335
4936
35558
27529
17641
24864
22723
1118
31275
15285
31017
4943
29265
24445
19790
9988
6134
20273
17015
32956
38847
607
11574
46755
8502
5401
16711
9836
20287
26901
14054
24764
30621
10080
19588
25655
14814
25690
2135
42482
23002
31427
43503
25076
3919
22396
12884
32288
3379
16549
4129
14683
4190
13392
43835
10672
47986
30650
37897
6579
4411
638
25026
19125
45971
47330
44470
8079
15038
22657
30135
31797
11912
24416
34510
608
45111
4444
42250
15269
23230
20207
41536
18077
5642
40007
27229
41965
42288
47309
15681
20764
39646
26772
30782
7037
1674
10844
27553
5899
12089
38291
4098
1416
25483
1349
31082
1860
17294
3267
7322
38922
35670
9579
49737
9026
46959
41592
26347
40349
35798
37463
40536
26259
33927
22631
11383
47769
4528
19198
3450
36543
14329
12759
5842
17835
3102
44629
10874
45207
2921
45402
9281
38473
40709
47362
35095
9983
14447
17617
10785
14352
10048
28595
40439
27194
36871
21991
43892
7727
26686
46058
16346
32547
16591
20872
31690
42438
24811
5382
13971
8925
38709
32885
20471
3657
31540
43232
47623
8731
8780
36171
4069
26950
12916
43747
46359
31395
22015
16828
1313
20816
15310
36319
22945
6876
34889
34027
29793
21420
10096
36206
17111
11165
32932
12121
11752
48918
3124
9433
12520
4722
13071
10130
28018
28645
21541
42075
21260
44141
34284
39820
29787
47773
37308
38353
34341
44007
15954
49828
13258
45930
10459
34120
30541
31149
30908
20118
17964
31898
35139
10580
23291
14866
49002
34531
31242
6346
15274
25392
20877
32676
30735
25709
9178
48105
6813
19163
8223
31786
