14574
8867
29022
34175
45608
12781
23791
42915
32015
43761
13285
49360
35839
46262
694
36142
19247
29567
25914
1262
11324
26755
1389
40772
3103
13768
14841
23786
22869
38572
589
45795
23946
29213
26773
2012
35424
24545
5425
44373
28722
46940
4344
28157
10586
19642
47202
2959
9137
43474
30634
36856
10300
46583
1503
7986
16095
18736
27893
49546
31860
42379
14004
39535
9715
38749
35504
1630
39838
31347
22992
45744
29137
11785
25252
11192
15778
48406
8466
13009
22678
24869
34714
48877
43254
49893
35716
42985
13463
20703
32131
25466
12912
5403
46505
5295
44481
16090
4365
6382
30196
12620
1471
24654
32011
23078
34473
1209
8463
18900
19333
24895
4505
46261
27407
35093
21784
47783
22924
15056
35520
38133
24992
14985
20999
12451
20253
3520
33822
33462
35605
42067
48486
35608
37714
49379
48655
7192
31361
37516
25452
3610
18450
39678
24938
47002
42797
6409
10020
24688
42140
26743
42536
46919
28594
20038
45530
28508
8421
18613
19076
29065
9133
13293
32743
43089
37212
2536
46555
34631
17014
29751
44014
27520
47006
43370
14008
16622
38238
12521
27416
27839
18298
16469
17321
48485
1263
21115
30162
17662
20692
4110
494
24367
7877
43546
7903
24020
29482
16083
2153
1336
8529
24413
43088
33283
5548
28428
17343
45589
12189
36465
46045
42674
5314
26262
814
29209
48258
7083
13764
727
11666
6314
23522
15671
34298
48565
43653
47560
7026
22273
38669
49609
9163
18401
46834
34293
37620
32234
12919
23513
33151
38316
11436
25572
39413
23009
1994
223
10334
5895
17282
14374
46754
17265
4893
1260
36698
4144
47585
12343
6521
36637
2454
37138
44645
2028
48235
28375
15139
16625
7667
27162
39674
37927
24359
34852
23014
29459
42661
47598
5294
36603
19676
45483
5530
14657
49853
10867
27178
41606
15570
3535
14508
15664
8610
47545
3620
17286
14975
40264
36085
13329
30053
49512
17098
44333
34407
17650
47634
26028
28522
14142
2211
47190
43267
32733
34641
19171
28080
43543
5392
49353
16102
30497
21085
371
42009
27794
470
39458
43585
7635
8578
9382
26839
14157
33355
22709
9415
25065
37980
42955
8328
18710
7491
16796
45198
11118
21465
37221
38110
31757
46049
10191
4467
20596
35804
34504
4710
4996
46681
43054
18823
31597
47282
44852
33457
18750
10776
42356
10270
26831
31937
17624
27455
45338
38521
11138
43391
23810
26024
31135
6823
4451
35603
34304
1882
28002
25508
46463
31704
22565
16978
29649
42527
24860
24982
17494
22024
49917
28543
3051
47762
39082
24916
6712
8644
33028
44108
46466
37593
10205
11394
30036
12940
4994
39044
34999
16736
29734
16266
48283
42688
39813
33806
48137
44556
41867
23827
17219
3675
35502
16907
2036
34329
45240
36835
9122
16770
16925
34632
45363
49565
4982
1345
35754
41939
27552
15562
16724
8945
23577
28626
43690
39021
10854
48990
3859
