39486
47794
42561
30967
11228
33470
6537
8197
19941
39184
18916
1752
46899
41183
31331
32862
34454
25700
42559
1251
18386
24263
31676
37542
40029
14234
40828
38396
10763
14654
48424
36396
6381
44714
47150
42952
9994
32844
35010
14901
33722
38954
2037
25227
5532
15202
29240
3704
13795
18443
10110
41555
14203
5319
28541
15969
41924
35632
43735
9168
19950
5222
38672
34897
9293
8136
5544
22591
38173
8307
9379
34691
3825
26242
44479
36570
6036
39808
15339
1103
28579
42295
8997
10516
8240
34149
16154
41466
3554
12513
7100
17553
14616
20585
4703
13047
12301
4377
13403
38057
18576
17930
30367
4170
19583
10179
40486
15864
9684
5794
31351
13472
1449
43206
2599
20688
15365
13319
49902
6903
28443
12335
13520
20039
8
41558
43327
12002
13284
26857
37274
45903
13141
31378
18338
36755
47383
47611
32716
40646
25585
23535
27036
19602
37760
33739
4055
20736
12848
11250
39533
19992
23887
26047
36687
43944
45649
2054
22502
33271
19909
33887
5599
18179
30670
2034
33716
48673
25885
27100
42351
18115
26676
8565
29978
39118
37356
3737
28751
38533
47988
31187
4135
44035
1762
43915
32903
29858
23354
35246
1188
22057
32332
41578
47405
23383
26040
45494
40175
49312
2764
26200
14921
20941
24718
15458
15765
5868
31555
4383
3384
11326
3729
33502
1881
39017
46422
20551
23970
31779
23603
32084
29914
811
1401
23395
49452
12290
40110
29628
14419
33970
12876
48566
32170
35584
42021
31509
710
36726
3672
29668
28768
9120
10572
24326
21366
15884
44554
9247
34681
18448
10546
37751
6764
2169
27664
46870
31819
26588
10770
47453
30555
20197
33863
26092
41452
27224
11447
18152
15542
28827
35593
19296
39080
23384
48242
5258
34210
1450
45906
12853
17596
42454
8539
14507
8212
43028
39811
31237
17116
5942
27546
35318
40463
5195
38012
10942
16389
14341
45258
41202
26712
37931
31978
1989
39049
40412
5764
20048
33664
10430
40693
19988
35161
26750
11526
25528
15995
48666
17884
6196
44957
32218
40009
41351
48249
37899
35456
13272
41990
28571
45894
17092
35094
22363
31165
11213
2562
4555
2775
44921
25027
37559
40599
49249
29621
14837
33982
15414
49751
11639
22774
45265
44412
2629
31593
675
9687
13500
3525
1420
48883
41338
17532
27497
47012
37969
46636
20833
13145
14747
37248
39625
27051
24239
48970
35288
44183
49604
8151
22022
7381
48558
41769
3128
2324
26096
33375
15101
35258
31979
36649
49076
14763
12422
35893
6016
29120
43271
32027
31672
49164
47392
47301
23708
28501
41824
41479
36200
5339
40844
33568
27333
15381
10310
17028
9332
14637
43030
1034
16937
19554
22625
43441
4265
28966
25472
45867
20417
27947
22076
24767
17191
31054
39164
30295
8853
42385
5572
26179
24123
47835
14791
16024
19368
10399
35734
12006
22193
1867
25151
38775
37048
41401
13396
5714
35446
11141
1870
43822
12356
22413
35007
26865
26627
11709
34656
44912
5158
4410
33606
20535
43639
44461
