632
47261
37137
29594
13827
32294
49951
48116
6333
39124
45313
33606
6178
8958
45859
35130
26242
28438
1561
17092
48547
42412
33747
18626
14530
5007
5853
22683
23619
28144
33350
26685
38745
4078
46301
47702
48570
14841
40624
18492
21621
23802
38691
12601
22349
43040
23194
5200
22557
10949
42539
40626
20199
1571
44249
28914
12992
32299
32866
28091
11240
4432
42069
12218
13179
36554
9303
13597
1407
42884
28788
36660
44172
26983
45918
30204
14701
39561
25014
28215
4387
4157
3919
26802
32816
24013
35209
29029
44536
5453
35767
12211
3103
11837
17144
43494
46367
7039
33080
8739
11268
4290
18423
7576
23289
34019
47637
42870
27443
31407
15167
661
5445
3735
39799
37487
291
45250
1525
32084
25857
44542
