19356
734
16397
8178
43569
7640
9108
25190
20214
41295
43600
43888
27212
15608
13838
15445
37238
3691
49746
21939
12356
12324
7821
28894
48006
5049
34763
44025
38430
45145
15288
9081
34826
17773
17860
10831
17417
46180
17979
28276
796
48970
12046
17186
8205
46323
25518
25527
20351
8203
20534
5056
16867
23108
390
5207
38025
42275
36002
9686
1737
44064
46274
7658
814
49308
43046
1734
44243
19974
15490
45892
34894
6716
838
29354
5837
38934
2766
21853
6565
39267
31952
153
45741
23955
39450
17970
43163
38978
15292
15107
22053
17754
6590
29814
10552
32041
4460
3053
18191
39483
4942
26883
16169
37603
14382
27009
5487
5727
22985
46958
42215
27929
45925
17582
2973
47409
45454
6661
46860
37987
14100
41508
13609
48041
14651
1112
27669
31547
26137
2244
48699
10042
26151
36224
38749
41254
23314
35721
47414
32594
20673
1692
3395
3177
37717
17670
22928
9113
46158
34743
39750
46869
26454
10792
42161
38830
1722
45520
18501
10898
40121
44613
13700
42252
18220
38318
16670
5295
46318
21908
4352
3154
46282
31421
41292
34084
28635
9598
13444
35118
12145
14559
41886
2901
46087
9840
38603
3693
46376
26117
20690
13395
111
13799
34217
47930
2134
34307
38221
4400
30632
26429
27824
18495
49347
26393
21096
24098
29135
16495
36629
21277
25638
22832
33365
8459
26614
38381
4216
4588
44307
39606
41313
8879
17616
26014
5849
43995
39180
35547
4957
24546
34780
35598
5612
24418
9687
1567
9131
31523
49290
44364
43604
26585
49430
18387
3609
4953
14964
12055
43008
26553
46298
27112
35033
38568
30575
28934
3984
18216
42452
19760
11021
10575
6962
49980
19282
6828
20102
27842
26612
5652
39508
26981
33508
15840
1329
28621
1209
4717
10209
32180
15369
2754
4570
46873
21830
28211
252
36862
37249
17322
33617
29583
29302
44192
49879
28459
3546
38267
24627
39048
33058
27781
49046
35474
8422
18413
6688
38066
17258
7534
17528
30004
18880
1653
46580
40057
43597
6229
28009
39135
34110
10610
17185
9264
13619
24498
10825
1517
46905
3458
13114
47154
890
41631
47111
11551
8427
13384
36030
7248
35207
36521
5234
47231
2991
25712
9022
21914
1635
37587
39811
15029
22465
14443
4007
41430
47510
20490
14127
44701
11816
35178
28531
5793
35692
23795
9170
32480
2382
46299
3668
43321
46016
7829
42333
14996
26455
47742
1530
20726
32527
38531
43854
10872
45519
5240
13396
12170
759
18400
26731
39222
18926
35878
11834
9354
34563
26169
42826
26652
3352
32278
35382
24967
37887
29095
10174
36918
33252
36966
22479
19664
22760
31937
34462
2718
33871
26916
11909
28311
31181
24519
35391
15953
42607
37839
43885
24499
26337
7612
929
17843
15406
21017
31694
48614
26737
41211
20548
9885
14017
5162
45132
42577
48829
46980
199
16644
37991
16266
48979
13760
2034
48173
41647
33322
23467
27976
19475
11782
44923
18777
16455
47165
43985
47516
10166
36001
15024
24379
24356
13833
29953
22359
31634
22846
7654
13208
38200
24074
21589
6393
17942
48277
47879
13861
12751
36448
7353
48777
45144
27503
46732
30421
35664
18906
31506
29114
5767
26967
12012
16247
7879
42730
11592
22926
4503
28776
6712
5371
15055
43411
31030
4664
28785
5789
10443
33703
12247
32462
48158
41972
12
41304
44062
15096
44483
25346
16883
36601
33124
14380
43795
30329
20913
27335
47316
17517
8824
18335
22464
6037
31008
45045
38146
18037
32812
44436
6108
39432
32133
39881
10987
42783
49295
19537
12013
20658
44540
20977
6616
7291
43220
10033
25316
7577
17521
8302
33451
4179
43775
40638
12598
26631
13637
26982
23496
6808
36401
19951
37267
47020
15568
29833
39001
26722
19115
21507
235
41931
46804
3986
26732
37218
13801
11873
45694
502
44790
19986
26439
7046
47783
41694
2088
37978
9589
4440
26457
43667
14661
10869
22072
43658
4169
3788
22650
24969
1826
33571
49508
41832
4132
41866
32892
34375
43579
28380
5521
39334
44321
28759
22224
49812
30621
39728
47919
39100
5043
22908
43855
24252
41132
15197
11832
43231
41628
11202
32702
38973
14848
260
42828
49807
33406
4227
46157
12113
28299
16702
37021
4455
7550
34155
29331
20528
34299
48298
36187
646
6964
41890
25825
13977
42149
30745
30469
37172
42170
1451
15299
16048
4636
412
24721
25655
48650
11541
21609
5096
23278
3540
48227
49142
40684
12118
20810
46698
30275
32460
13602
37751
11231
41233
18606
35661
25741
14367
2896
8711
47144
11478
45919
34719
3325
15514
19172
27272
1830
48773
40555
21460
26406
1170
44600
5566
26661
19756
1809
38074
16465
2976
8157
27210
14327
44418
19812
2365
39086
23764
30217
1116
43174
3637
16235
5914
6442
43215
3626
11706
45244
12535
39944
11410
32881
9548
37758
15276
16733
40244
17609
8252
42837
22330
11136
45870
25994
13426
43718
49629
19364
30834
19398
