11717
8910
28695
36816
2044
2035
31185
49443
13252
35965
36388
41915
28678
37528
7012
37560
26484
17743
5236
42292
36088
35880
596
9532
1773
22472
25899
42860
21205
2730
19886
25007
35407
21967
33907
44403
40210
36455
36619
138
34794
27638
40760
20892
41823
29708
18452
2727
19820
39236
32096
7557
35706
35824
25122
7546
48317
22238
11758
2080
19250
29427
6617
18639
2201
23070
398
29035
1675
17926
2210
15880
45270
29712
19287
14875
12439
46255
48464
32538
15217
40584
27800
16343
45477
44397
4821
37740
36534
39562
22983
20237
38228
47955
25135
26060
44488
36689
14230
3920
2525
45367
9923
19126
22275
26725
25666
25396
47067
4740
31677
35820
20558
32212
48462
45923
46150
28849
34
35493
24369
19205
45035
22843
42599
21689
7071
21883
43594
35270
28255
36121
34880
24035
8898
30887
22259
41001
17267
33286
7909
19185
39244
44897
14617
47635
7959
40282
36804
12683
35268
31238
13033
2609
42667
24586
39598
38168
34402
8498
49963
41394
5484
20176
40491
45229
43167
7110
18460
11521
9722
28325
23789
48929
35591
5526
17808
10427
49409
3394
49337
9166
24182
44349
42556
1633
8515
3311
2124
47155
24557
22199
32963
17013
6349
19766
4624
49510
8248
30883
24066
47478
44896
8186
37338
10729
10636
39922
47812
1854
22763
45248
35427
25596
44200
30701
32568
21688
41960
20991
8409
36780
39396
49618
27233
8436
7079
37600
13358
27304
3299
45355
1734
15910
14294
4251
26138
32800
29806
11615
13192
5806
33931
18228
17515
46489
20784
208
28177
28492
1411
39225
3395
36950
35003
47485
25529
43401
44193
29218
8503
11095
1051
38891
37626
7316
17508
30446
9220
5785
49428
26706
20396
19345
6987
47843
28238
34443
38246
6177
5951
5066
25503
3631
20325
37871
24162
11332
7774
4071
41024
39755
43978
39173
21857
15673
36765
33438
41201
41506
2191
12961
19428
20904
24734
36346
22001
22035
40905
8643
17549
23885
26032
1619
17875
25870
12309
7982
49544
38770
2595
36079
42586
49298
40560
11130
28171
15657
29027
10553
10126
21030
32316
18416
2578
34921
47256
3132
7099
3293
2006
29215
33344
3215
8385
14724
38104
11566
360
38528
31739
3114
48490
15970
44494
41931
22481
23264
16560
33884
49170
38502
38467
37340
37641
39739
28729
8371
30755
16392
20960
46319
21342
3227
37409
15377
27921
11097
20577
37361
11984
20447
9577
6192
41036
24163
13069
5684
32065
17404
34775
26942
4698
31084
17188
7911
27923
43869
14810
