37613
23751
47068
40186
12982
8636
16137
17861
17452
41017
21306
24469
13491
21837
25728
3820
16569
30015
23853
25222
43053
36204
181
10127
9701
22894
34764
49221
21955
36393
37499
46672
35164
45019
12438
34992
48776
39651
8647
48678
20199
43623
19728
24102
6699
25752
49386
12012
41088
8389
21143
22946
37506
5120
16902
36034
47463
35884
6046
49027
29061
48767
3861
37772
37021
34144
47499
4887
25587
33694
49472
40946
4334
4912
4303
47056
2438
9007
30131
15427
362
32122
26598
35889
22366
24173
22073
17030
27584
2072
22239
21210
42145
34594
27330
7548
43422
45456
37568
40215
42616
12477
7027
36375
33156
451
44411
33352
2758
45009
7478
10120
22879
39332
11850
11792
40768
42345
44833
33683
42932
44152
8062
110
29960
26664
5306
46362
29290
16365
39730
44937
9554
47125
23610
47175
29731
27336
29908
12474
10693
24131
5463
2736
49724
19043
39855
37930
25284
47721
25603
40606
43172
41261
46766
31595
26508
395
33108
5391
44356
12815
15097
39341
31024
44557
28780
9188
27795
30275
13840
11560
43061
46995
16881
544
34805
25647
17528
37401
30422
30286
18252
49359
47389
12858
40973
28366
33674
47296
29637
27499
4508
8797
7
41478
21735
23891
31620
6130
33248
27534
8097
8036
5549
35918
32159
40527
4496
2422
17353
35797
4238
20432
19949
33242
16075
46386
9831
37017
32312
46604
25104
21695
39590
5011
15159
49575
43399
24004
37909
15267
42944
42947
24019
17468
746
6204
13592
12056
40284
9688
46678
1526
7181
4126
30609
37955
29090
21095
41967
34567
41833
35645
13217
48645
18635
9353
43986
33837
5189
25582
23741
23807
27836
7091
49474
28544
19970
17648
12235
8397
36761
1807
6118
23492
25033
28775
33471
16617
38675
13679
20006
30568
14843
8625
39949
1072
44740
35279
8622
1421
30042
21207
9510
37498
3831
3843
49588
21809
37886
41799
9183
26645
3075
20526
23478
42535
43443
23541
13466
1781
45320
45513
19670
41938
13704
9422
10963
16442
32642
49334
49839
32254
13544
46904
39919
30356
41608
20374
35354
18180
25670
11718
2195
983
45000
32471
40530
46066
376
7196
45958
6263
24914
37419
15684
12586
326
37445
44923
48129
46740
39780
40849
27238
31565
49142
5562
46735
47964
45638
16443
26840
20599
662
4959
5865
28269
48180
5390
46380
7163
22873
34176
9677
42142
15319
28121
6402
19620
27206
35768
6600
17831
1105
25594
39944
14702
16572
49336
14630
37739
33826
46189
1843
21986
8331
44974
587
40903
3881
4658
3546
3660
45986
9918
8851
41854
11136
1091
29442
17022
31222
19680
18437
5112
17466
11009
5198
12569
