43843
27506
20706
42844
225
4572
14586
24379
7643
13522
21876
47076
18839
47989
4915
8738
42229
9953
14056
31653
23875
38176
39729
1863
32394
18288
49555
23870
11849
26084
25171
42816
33893
43356
20527
13126
1447
22746
42776
4950
25822
43179
3333
49368
42892
32700
46193
31243
14668
37824
48398
34352
24661
37036
5038
5185
35393
40730
26899
4206
49339
818
23815
669
7789
3045
28925
33093
35366
31198
24782
1353
8482
18059
40147
36172
33902
35787
16476
46519
22820
41450
28299
41599
861
33277
26310
16468
5595
11531
27975
47587
31843
48835
9892
8554
3058
10124
3989
49280
15436
6585
31147
37621
34466
1390
18166
6539
26369
26850
23724
33126
36199
9229
32038
11402
20886
24052
6927
48083
9492
47925
4850
2461
41490
3900
36441
45590
47714
28481
14452
9365
18049
5798
39932
48387
35637
23468
42387
39463
24527
47289
1228
7772
23252
31559
5336
6661
17987
733
8189
3634
15175
44660
30357
15985
43067
15604
8946
5656
231
34374
27212
27097
37949
25800
23196
4163
10216
40724
18679
23646
42027
19354
27864
33688
41115
43213
19278
37700
9011
13405
44104
7905
35781
27663
28210
42371
8383
36635
21539
9029
24494
27292
18677
44755
45420
48575
23676
41788
48146
26069
14377
48471
17095
48206
31375
40437
36961
25497
36028
49460
39231
49617
812
16002
3332
27828
36078
38463
30576
4053
33619
17311
37325
27621
2738
20462
826
31846
20670
25340
16840
15040
9649
12404
40045
25637
43644
20795
44744
34926
13165
49260
28021
26270
7059
31179
21675
4695
30510
34717
31629
3480
20524
2847
1741
32707
6938
36269
18390
11712
6895
8759
1151
29172
32155
14268
39253
30511
43453
27083
26452
36431
22263
45928
40591
44532
35362
48698
36066
6219
26908
8810
35154
38666
18941
23993
3144
40506
13124
31418
6975
9465
22852
40065
10039
16928
15024
626
15094
16693
47386
25182
31458
37280
16376
35442
43571
45219
23916
23723
20336
31834
27202
14114
34126
37015
18165
32881
26325
21968
18623
30988
26295
3641
48500
23500
16589
8318
39540
31925
27074
12506
19300
32830
2041
16166
8878
44117
49103
46094
3715
49678
43642
13731
14913
4717
6378
13677
45738
22925
10787
14344
45250
1489
26395
29017
46814
13602
6635
16863
18266
20785
42725
9819
41652
19322
44838
36000
6403
14529
15123
2589
18181
37089
28514
29572
17413
27114
24684
11837
47696
22353
48425
14210
3821
22838
48380
1039
38398
48546
12837
29688
39481
45899
21526
30318
13737
26083
31844
17546
25766
29790
47381
34434
1921
7047
15259
19346
13306
44350
17824
39867
